Commands:
    CTRL+R    Reset chip
    CTRL+C    Exit

ESP-ROM:esp32s3-20210327
Build:Mar 27 2021
rst:0x15 (USB_UART_CHIP_RESET),boot:0x2b (SPI_FAST_FLASH_BOOT)
Saved PC:0x40378eb1
SPIWP:0xee
mode:DIO, clock div:2
load:0x3fce2820,len:0x158c
load:0x403c8700,len:0xd24
load:0x403cb700,len:0x2f34
entry 0x403c8924
I (28) boot: ESP-IDF v5.5.1-838-gd66ebb86d2e 2nd stage bootloader
I (29) boot: compile time Nov 26 2025 12:27:56
I (29) boot: Multicore bootloader
I (30) boot: chip revision: v0.2
I (32) boot: efuse block revision: v1.4
I (36) boot.esp32s3: Boot SPI Speed : 40MHz
I (40) boot.esp32s3: SPI Mode       : DIO
I (44) boot.esp32s3: SPI Flash Size : 4MB
I (47) boot: Enabling RNG early entropy source...
I (52) boot: Partition Table:
I (54) boot: ## Label            Usage          Type ST Offset   Length
I (61) boot:  0 nvs              WiFi data        01 02 00009000 00006000
I (67) boot:  1 phy_init         RF data          01 01 0000f000 00001000
I (74) boot:  2 factory          factory app      00 00 00010000 003f0000
I (80) boot: End of partition table
I (84) esp_image: segment 0: paddr=00010020 vaddr=3c000020 size=02bb0h ( 11184) map
I (94) esp_image: segment 1: paddr=00012bd8 vaddr=3fc897a8 size=01a58h (  6744) load
I (100) esp_image: segment 2: paddr=00014638 vaddr=40378000 size=017a8h (  6056) load
I (108) esp_image: segment 3: paddr=00015de8 vaddr=00000000 size=0a230h ( 41520) 
I (123) esp_image: segment 4: paddr=00020020 vaddr=42010020 size=080d0h ( 32976) map
I (134) boot: Loaded app from partition at offset 0x10000
I (134) boot: Disabling RNG early entropy source...
# sensor OK (WHO_AM_I = 0x68)
# capture: 128 samples @ 20 ms (~50 Hz)
# columns: ax,ay,az,gx,gy,gz (raw counts)
# press BOOT, wait for GO, then perform the gesture
# ready...
# GO
-,-,-,-,-,-
4144,-7244,13436,-1387,1444,-2616
3052,-6616,16352,-770,-1447,-1486
3592,-7440,14732,-1698,128,-1010
4400,-6932,16172,-3298,2286,-1169
3852,-7432,13936,-2708,630,19
3496,-7836,14052,-1347,400,-36
4036,-7624,14732,-1316,93,727
1420,-8652,13744,-196,-892,327
2828,-7988,15808,678,367,-897
3768,-8124,15608,-284,-471,-85
3296,-7588,14636,-474,-9,96
1404,-8228,15224,-257,624,-158
564,-8376,15316,-1348,-13,-1929
1648,-8192,12412,1453,369,-3435
1380,-7320,8880,6254,-461,-4611
2628,-4644,3416,14080,439,-4851
8580,-1792,-376,31292,579,545
2940,2364,7944,32767,-431,3895
3852,5236,12616,32767,3832,3536
4328,6268,20956,26619,4221,3619
2784,5324,7860,22896,6175,3368
2336,10020,12196,29459,2047,4847
1236,10304,19080,25807,4804,4973
-2216,9000,19084,19783,5135,2168
-2852,10696,23080,16866,5234,-2621
1256,12100,27376,10187,4169,-6821
9988,-14992,-18696,-32768,21375,-2653
-7868,8156,29428,-10709,3132,-3550
1824,7936,19084,2634,-3374,-3785
6036,8688,16648,7915,3717,-223
2700,8536,32767,-5329,1404,3294
-5960,4512,20988,-16215,-3103,2784
-4620,4128,17052,-14445,-1917,-3586
928,6216,20540,-14217,-1925,-5037
840,6488,21592,-16926,-5070,-2240
-1256,5872,19388,-18801,-8902,-2391
-1812,3664,15680,-19720,-786,-4552
6436,5412,20636,-18327,292,-7480
8640,7780,20452,-24079,-7196,1634
2772,2640,12300,-19179,-9439,5481
1908,616,14448,-20230,967,3403
2616,-128,16804,-25413,103,2495
4692,-576,8304,-18376,-4459,4048
3180,-2916,10516,-12458,-1291,5752
704,-5248,12248,-13695,497,4632
-856,-7052,5748,-8897,-1371,2016
-1088,-7752,6064,-514,802,-1432
3340,-5956,13128,3328,298,-2605
3528,-5788,13764,-111,-4102,-161
2024,-6576,11744,2353,-495,454
832,-6860,14656,1953,417,-1284
2284,-5696,13672,4020,-2454,-1564
4264,-4760,14824,5820,-1635,-156
1936,-5660,19188,2553,2397,-957
1588,-5408,19500,-4242,1855,-2743
4392,-3600,12324,-2113,1348,-1851
5836,-3376,14176,2500,1233,1283
996,-5200,17224,4301,-483,1787
372,-4980,18496,3518,-565,-1605
3772,-3460,17564,258,-38,-2826
4764,-2764,16224,851,499,-640
2748,-3804,18428,836,333,323
1560,-4448,18104,-1733,567,-948
2660,-3896,14800,-1124,950,-1947
3476,-3276,17156,995,748,-1652
5192,-2464,18536,-389,-1739,-198
2580,-3428,15392,145,-867,902
2212,-3748,17356,188,1489,-990
3496,-2980,19112,-800,972,-1123
3140,-3036,16784,-1264,-663,-395
2392,-3232,17960,-1165,-309,-231
2896,-3064,17252,-3106,1094,-761
3560,-3100,15916,-3246,629,-552
2216,-3976,14536,-1603,820,-945
1732,-3928,15056,379,1311,-3031
4432,-2188,18092,990,1016,-3019
5376,-1032,18400,-552,-337,190
2900,-2948,17524,-2330,1307,1650
1344,-3580,16432,-2480,1313,547
1920,-3524,16724,-1206,409,-730
3340,-2328,15688,833,-95,-209
2204,-2852,17980,929,1548,-11
2392,-2564,18824,-560,582,-485
2160,-3140,17196,-1008,233,-230
2032,-3068,16812,-592,865,-822
2816,-2496,17348,-909,1131,-781
2348,-2776,16620,-1224,11,-235
2580,-2608,16280,-648,518,-474
2600,-2688,16480,-569,1122,-318
2552,-2816,15996,41,1611,-925
2548,-2136,17752,-1015,1454,-188
2412,-1856,17448,-2173,2535,223
2208,-2132,16684,-2542,1263,778
540,-2780,15724,-1288,1702,553
1140,-2524,16096,-179,1748,-504
1764,-1724,18556,-674,1982,-70
1232,-2364,17376,-2275,157,461
88,-2672,16908,-1999,101,-368
1856,-1828,17260,-1476,547,-900
1860,-1020,17904,-1727,-1246,556
1260,-2752,16892,-1610,-473,1511
1120,-2984,19332,-3169,-540,686
760,-3260,17460,-5356,-231,-178
1996,-3008,15508,-3820,-1596,-533
2120,-3496,14900,-816,-566,48
1968,-3268,15924,833,2,-170
2064,-2788,17964,1163,791,-351
2748,-1768,17096,506,1115,1123
-204,-2544,18248,398,138,1682
1660,-2232,18396,-1549,-592,122
2480,-1612,17088,-3031,-854,1017
1176,-2808,16616,-3608,-1368,1022
-32,-3500,14820,-2765,-215,-594
2184,-2800,15200,-1160,1397,-2113
2128,-2332,15948,-1025,2803,-1417
2004,-2744,15840,-678,1217,-296
1752,-2916,16712,-286,694,436
1764,-2780,17832,-1326,-794,1247
380,-3368,17164,-1861,987,1036
624,-3748,19188,-2138,-2067,-1172
1996,-2620,15532,-1522,-2974,-660
1352,-3524,16788,54,-1278,-1110
1992,-3328,18132,-825,187,-2071
3328,-2384,16888,-684,-1882,-971
2028,-3152,16684,517,-807,110
2812,-3156,19000,324,761,161
3032,-3132,19628,-2277,59,1408
-632,-4496,16480,-3389,-121,408
# recorded 1 gesture(s)
# ready...
# GO
-,-,-,-,-,-
3376,1352,18096,-1156,-814,-98
2624,1132,17360,-3617,1714,78
2268,1692,17464,-3768,1438,-535
3024,1384,17092,-2970,670,363
3140,1576,16204,-2575,-643,1373
3620,-124,15092,-1872,695,1310
1084,624,17436,-1300,1500,-467
5292,3808,18552,829,-4048,-148
4276,1436,17648,-1504,-1909,4689
-160,-960,16004,-4532,492,3326
1672,-76,14972,-4196,3452,-2803
3120,2336,18184,-3462,2935,-3254
3660,-644,16076,-3703,-2494,-900
2348,-952,13908,-1871,1232,-859
2548,-100,14152,890,1073,-1901
1164,324,14584,3623,-1704,-3074
3252,208,11868,9713,-8112,-3648
3844,1320,11424,13912,-7466,-3763
412,1504,10104,14643,-5828,-4942
932,4080,10480,13701,510,-7512
4000,6416,8896,15874,-2976,-6323
5916,8824,3024,25517,-8891,-3569
6144,10580,2136,32767,-3079,349
1244,13232,16412,32072,378,-305
1956,13252,15668,23571,-3690,-3647
3904,13744,12788,16440,1191,-5213
2212,13740,11888,13534,1759,-5852
2236,15028,13900,11320,-69,-8470
7360,18464,13484,9302,-1389,-8318
8588,19020,17252,5598,-4603,-5216
4340,18076,11048,3055,3605,-2448
2308,19688,17532,5348,6052,-6653
9196,20496,28028,-2957,7915,-5500
7544,20392,21564,-11734,4149,614
2908,18328,17904,-12702,5780,1231
4264,18240,23724,-17893,8794,953
2420,17584,18848,-23468,1551,2475
2080,15840,16752,-19925,-48,1991
2284,17132,20752,-22420,-2875,2124
6132,17992,19952,-28245,898,4106
6596,16400,19524,-31546,738,8518
992,13552,17928,-31712,-2268,11029
-2084,10680,12600,-31716,-3273,8464
616,6852,9896,-30249,3558,5802
1908,5448,11032,-26778,2468,4007
1532,3028,10176,-23596,-1554,4539
1276,1476,6352,-21728,-2528,4071
1864,-1504,2680,-18418,7776,3442
8,-2676,9660,-14071,1835,1174
1300,-3456,-448,-4404,-4470,2235
-128,-3232,11192,3437,11219,144
3276,-2304,21732,-4186,6972,-1151
5116,-696,13448,-6752,-2257,4123
692,-4100,9948,-1507,3008,6559
-4204,-6304,18252,-2817,8445,1061
-2248,-5140,15356,-4548,-1950,-3142
3604,-2912,8688,3354,-2370,-2673
3068,-1964,18472,5396,494,-341
656,-3408,20752,1383,-1623,709
-148,-3200,15232,2352,-3598,-1123
1356,-2244,20084,1442,2678,-2774
2316,-1920,20876,-1722,-1331,-2135
3144,-1736,15812,665,-4475,-236
932,-3832,17244,1333,-1604,59
1312,-2896,18420,-1484,1227,-2039
2356,-2528,15336,-712,-2064,-1461
1692,-2608,16632,2442,-968,-1286
3880,-1460,19348,365,-1712,-978
2832,-1528,16664,-2533,-719,2053
-52,-3200,15916,-2085,650,654
1304,-2536,16632,-881,-131,-1329
3780,-1672,15912,-600,-726,51
1616,-2304,17536,-695,1912,793
652,-2684,19184,-1820,398,-732
1540,-1968,16544,-816,-1024,-1095
3008,-2044,17596,-1398,1268,-1171
3756,-1576,17928,-3246,1476,411
1456,-2424,15100,-1455,-1107,1642
132,-3264,15728,1144,-423,-203
2096,-2108,18740,-9,1013,-2046
3668,-1052,18400,-1773,6,-717
3224,-1132,16500,-1297,734,892
2668,-1512,17568,-1594,2219,1637
748,-2016,17636,-1487,539,1834
452,-2468,16992,-600,-772,337
1520,-1844,17548,-744,-73,-590
2012,-2008,16912,-1895,41,91
1116,-2308,15844,-1118,-1276,-33
1268,-2120,16608,606,926,-1019
2296,-1536,18796,-724,832,-1342
2148,-1284,17700,-1526,-491,-511
1692,-1608,16972,-961,-437,-112
1484,-1700,17152,-2389,182,-560
1912,-2008,15856,-2284,425,-662
2312,-1800,16432,-1663,1468,-759
2520,-1420,17664,-2395,2015,-339
1760,-1972,17832,-3008,2229,201
1928,-1780,16904,-2710,-124,-56
1920,-2548,15068,-233,-2192,395
1200,-2420,17600,852,235,-186
2000,-1404,19856,-1305,-144,-739
1848,-1824,17576,-2278,-1723,118
1756,-2000,15368,-610,-1754,-288
1832,-1776,17804,-531,588,-979
2172,-1340,18368,-1920,343,-1033
2816,-1120,16996,-2489,672,-291
1808,-1732,17004,-2206,771,24
1448,-1956,16900,-2424,1125,-267
1388,-1736,16944,-3056,1636,-1040
2508,-1408,15452,-2253,-216,-686
2280,-1864,15284,253,-740,573
412,-2312,18244,773,-2206,593
48,-2268,17308,72,-1988,-534
1604,-1816,18052,-975,136,-1966
2668,-1436,17644,-1938,-158,-1036
1908,-1820,16712,-1078,-999,-917
2496,-1500,17424,-745,-802,-1326
3268,-1376,17752,-1715,469,-890
3528,-1000,17376,-2075,-197,323
2060,-1700,16504,-1443,-916,1237
1356,-1748,17092,53,-1462,546
1296,-1792,18616,-586,-72,-225
2308,-1304,18752,-2431,439,-589
2648,-1264,17356,-2623,-813,207
2564,-1656,17116,-1776,-777,603
2356,-1620,16952,-2672,501,871
1296,-2260,16656,-2934,1100,549
1752,-2284,16016,-2169,-327,-134
# recorded 2 gesture(s)
# ready...
# GO
-,-,-,-,-,-
2020,-1880,15920,-3868,1243,1306
920,-2628,16068,-2401,1079,-784
2932,-1988,16420,-2793,1411,-1343
3908,-1632,15804,-1555,-1185,-40
2088,-2444,15340,-215,-1677,681
392,-3056,15372,-656,-363,-1222
2056,-3248,13824,-902,332,-3103
3196,-1692,13060,1414,-114,-2747
2908,-1476,13820,3432,-2063,-1174
2024,-2480,9880,5530,-3196,-652
2544,-1468,6896,9558,-2110,-1592
652,472,6788,13800,2074,-2458
960,2664,12768,16958,2429,-4798
4380,4500,9828,17569,-3799,-3850
416,4896,7668,22006,-2535,-4002
1700,7232,12700,23545,-579,-6218
5816,9080,12292,19363,725,-4540
2612,10428,10656,18308,3084,-2633
2248,13536,16120,21559,2705,-3203
-920,14156,19688,18015,306,-5561
4148,17420,23052,13982,4833,-7631
7368,18268,20640,10321,1621,-4133
4744,16564,18520,11979,-1360,-471
1748,15864,25796,6946,1450,-1426
2072,16124,28144,-2369,2427,-2556
2132,15936,25480,-11300,5276,-3116
3984,15664,22892,-15673,4253,-2376
5464,14028,15432,-13671,1355,1209
4080,14124,17356,-9097,-2688,3563
1940,13284,24324,-9916,-4957,3714
4192,15020,21448,-19696,-2383,3875
1840,11828,15616,-22836,2471,3576
2872,10472,13504,-20027,2984,2660
3080,9848,14852,-15776,-1995,4094
244,8300,17384,-15254,-3332,3503
1820,7384,15296,-18566,-1860,2252
3184,6648,13604,-19143,1535,2107
2888,5896,13572,-18753,-164,3063
2280,4936,12300,-15930,-2936,4150
88,2284,8376,-13401,-748,4285
272,480,13108,-11256,2285,1031
2904,492,9624,-10093,-1231,1336
2300,-488,7124,-3066,-4440,2407
1720,-596,11500,1232,-1753,1443
1504,-596,16924,-1969,2816,316
3028,-348,15440,-4030,1342,47
3920,-208,13720,-2335,-638,1258
1940,-1484,15180,-1175,1546,1150
2168,-1432,17648,-4304,5398,-203
1476,-904,15272,-4451,376,-389
2392,-1028,12212,1705,-1731,149
2368,-848,19256,1326,698,-218
1592,-772,18000,-1198,-455,-487
1576,-548,17052,-231,472,-1698
2756,136,18892,-727,674,-2432
3876,736,17876,-1284,-800,-1682
3576,328,16696,82,-1201,-1159
3340,256,18512,-1041,712,-1455
3084,264,17580,-2129,765,-1024
2748,204,17684,-2618,1767,-1083
3364,128,18216,-3486,1202,-661
3052,392,16472,-3047,-794,771
2128,-704,16528,-1986,-229,1258
1488,-1008,16528,-2186,908,170
1760,-572,17160,-2193,776,-596
3160,-156,16468,-1203,329,-170
2300,-324,17784,-1199,508,1033
1300,-628,17148,-1189,-822,807
2068,-572,16968,-862,255,157
2648,-388,16768,-1319,1555,93
2816,-124,17600,-955,688,75
3116,108,17292,224,-631,693
2428,-304,18312,-661,1251,659
2528,-44,18668,-1939,1058,63
2548,-148,17324,-2337,-312,755
2224,-704,16444,-1404,-746,683
1796,-376,16784,-935,-104,365
1636,-404,17652,-1720,610,-116
2228,-100,16800,-2089,40,-197
2736,-80,16468,-1254,89,105
2692,-68,16976,-1321,360,393
2100,-360,17244,-1399,382,500
2496,-264,15924,-1270,656,385
2472,-576,15952,-673,3196,630
2388,-516,17692,346,1967,945
1296,-264,19060,546,-159,1622
244,-632,18544,-758,-400,541
1164,-636,19056,-1966,880,-935
2452,12,19152,-2855,-610,-661
2684,140,16548,-2441,-2028,1005
1228,-788,16792,-1610,16,502
964,-728,18116,-2533,1519,-660
1408,-640,17312,-2993,227,-2101
3420,180,16524,-2190,225,-1231
2868,-32,17344,-1863,642,9
2228,-652,17628,-2462,1028,748
232,-1204,17860,-2166,-506,-43
1716,-836,17584,-1762,-1213,-1040
2676,-704,17720,-2245,-428,-885
1308,-1016,17416,-3400,-976,-674
1740,-616,15428,-2258,-1933,-464
2020,-896,14284,-527,67,521
-108,-2112,17688,-1377,6235,-2114
2232,-484,19508,-3923,7353,-3921
2196,88,19624,-5212,3376,-2077
2496,56,17220,-3497,-1765,-371
2712,-728,16532,-2079,-1023,967
1484,-1412,17412,-3113,440,894
852,-2016,16704,-3235,-493,201
684,-2284,14996,-1930,-581,-484
1500,-1160,17708,-450,1656,-2217
2612,-636,19644,-2492,1592,-1683
2476,-444,17704,-2929,-1417,20
1724,-1184,15804,-2415,-451,1189
-316,-2100,16960,-3102,1754,-79
676,-1736,16056,-2742,-248,-1442
1988,-1000,15448,-847,-907,-825
1876,-1192,17432,-626,942,-292
1124,-1372,18448,-2742,1702,-171
1124,-1280,17008,-3451,563,104
1472,-1520,15856,-1700,-1964,638
1444,-1292,15692,1392,-2291,1282
1140,-1608,17100,1850,-1038,371
460,-1688,19060,-595,1879,-574
576,-1808,18404,-3702,661,-1543
1752,-1632,16300,-3105,-906,-1735
2756,-1320,15832,-1177,-745,-732
1236,-1904,17400,-1117,109,-269
# recorded 3 gesture(s)
# ready...
# GO
-,-,-,-,-,-
4700,-264,16096,-9808,2271,-816
2992,-1328,17148,-7962,4575,2343
3376,-2008,15668,-4912,1510,2503
1532,-2000,17812,-4960,1075,1907
152,-2164,16320,-3759,-6196,-1006
3844,-4220,14260,-4211,-1382,-4283
3516,-1728,16576,-4168,113,-3733
2852,-3312,16024,-1925,-2736,-1416
1756,-1624,14424,203,808,521
3484,-2196,14672,1298,-2839,2790
2600,-3144,12104,3704,387,3886
1076,-3468,16208,7707,-477,4372
1692,-3772,17508,6397,-5618,2800
1116,-2820,15304,2333,-2237,-1589
3460,-692,11924,2117,2001,-3227
2624,-2696,11028,5758,1514,-2157
244,-1068,8468,9418,-1710,-4135
3128,1436,9476,12604,1317,-5492
852,2352,10216,18771,-3726,-5490
3736,4864,13344,21734,-6699,-6426
8152,7468,11596,13934,1341,-2900
3588,6032,6832,18009,1236,-123
4560,9984,12208,22614,-199,-793
5460,12160,15432,16912,4949,2275
-4944,7532,13248,13652,6608,-478
-788,11180,17632,13609,1799,-8055
8476,17468,10116,18140,-1613,-3495
2748,15600,21224,15044,3847,-75
-2604,12796,17044,12137,-717,-4179
2476,14892,17660,11454,-2099,-6391
2468,15216,14928,9449,-452,-4690
-408,13772,11952,11880,-7072,-5619
1736,15068,21696,8763,31,-7980
5872,17300,20192,-2819,4024,-5336
5392,17936,15500,-1423,2406,-1227
2092,17712,20108,1480,241,2190
420,17108,25004,-5313,1308,759
3356,18196,23724,-15658,5302,-1037
5800,18360,11812,-13836,-1070,3027
544,15308,16644,-7674,-1465,3895
1996,15604,20356,-15481,3,2546
-72,14292,18740,-22359,3331,1254
1332,13832,13672,-24401,1986,980
1132,11440,10804,-21265,1096,262
3044,12512,16212,-20085,413,1294
1560,12320,19232,-26242,129,1618
392,10192,9192,-29040,4251,1523
-2176,6532,12676,-20650,4212,-692
1608,7464,21228,-18536,-4093,-1518
5288,8880,15784,-26049,-93,1321
-652,812,7928,-24924,7846,2401
-152,624,10736,-15338,2408,111
808,216,17160,-13847,-2896,229
1772,236,9220,-15563,-4203,1520
-280,-3708,8944,-11941,7148,268
380,-2572,16784,-12977,5228,-276
-4712,-5236,17508,-10949,-4877,-2081
460,-5092,4632,-9652,-2828,-4821
4824,-4168,9972,-2868,2031,-2844
2632,-4432,13228,1327,-4125,1800
-632,-5644,11064,7621,-9576,2231
128,-4600,17876,3604,-680,-1554
2744,-3292,16428,-1047,-647,-1144
3584,-2504,13604,2907,-4280,872
1940,-2564,17744,4977,-367,1248
1528,-2624,22224,-1225,329,868
1312,-3572,17160,-1353,-4078,-361
3368,-2556,15272,590,365,-441
2192,-2584,20304,-2077,2169,-97
1988,-3468,16028,-1627,-2504,116
2544,-3208,14404,1300,-667,-45
944,-3444,19252,-1203,1733,-999
2316,-2624,16688,-1899,-1632,-1340
2756,-2612,16056,913,-2597,-556
3208,-2244,16292,-345,-31,-496
2748,-2252,17876,-1397,1435,97
1612,-2648,17364,-1038,-985,-204
3052,-2464,16792,-194,-605,-531
2464,-2564,17680,-1741,1040,-204
2172,-2664,16612,-1641,20,-289
2668,-2724,16628,-439,-1229,92
2128,-2732,16672,-1181,407,-484
2316,-2476,17440,-1770,589,-767
2520,-2632,16660,-127,-1548,-549
2968,-2120,17312,-336,-1182,-326
2704,-2360,17284,-1804,712,-264
1716,-2932,17384,-1714,492,-968
3232,-1700,16640,-792,-61,-979
3764,-2016,15648,113,2034,610
1824,-2272,17076,335,1549,694
544,-3152,17372,699,349,-544
2440,-2056,16988,792,1320,-1891
3508,-888,18168,580,1026,-798
3176,-912,18000,-261,430,678
1204,-2116,17548,-1009,-394,593
1888,-2016,16088,-777,299,-491
1956,-1548,17372,-293,728,-627
2540,-1412,17848,-1185,-141,-307
1980,-1084,17112,-1464,-2159,171
2268,-1340,17436,-1341,-2024,-105
2868,-736,16420,95,-2202,-413
2908,-1572,15876,1195,-411,102
2904,-1100,16800,366,-874,678
3512,-1184,17264,-1859,-817,742
1788,-1952,17532,-4415,1653,-380
1252,-256,17368,-5455,-1312,-2745
2464,-672,17540,-5412,-4615,-14
1960,-2040,17824,-3630,-10009,3679
3180,-3172,15648,-4143,-4200,3453
4880,-3080,14800,-4537,-2243,707
3460,-3852,13732,-4324,2701,366
1648,-3440,16808,-3757,2352,-2640
3124,-3168,15308,-2794,2561,-5605
3464,-1836,15688,-945,2989,-5249
5108,-1444,16928,1483,4380,-1975
4128,-1920,19452,1677,2008,1438
3412,-2060,18148,1456,-817,2011
2624,-2416,17232,1139,287,410
4020,-2000,17944,-665,3911,-999
3640,-1468,19476,-3778,3255,-548
2404,-1680,17512,-3188,474,-298
2984,-1656,15816,62,-1119,1582
-144,-5056,17096,2471,453,-1066
2756,-2048,20840,-82,4405,-5406
6612,764,22168,-4954,2046,-2122
4300,344,17912,-7713,-749,3328
1308,-2732,13344,-4593,-4034,4088
-812,-4644,12448,-787,-2287,636
# recorded 4 gesture(s)
# ready...
# GO
-,-,-,-,-,-
5284,-1708,14916,-143,-9644,-260
5500,-1740,17500,-4222,-1431,1303
2472,-3320,16816,-9148,2800,1333
680,-4104,14176,-5823,-2699,-2020
6496,-3092,11324,-1820,1996,-3890
4040,-2184,17220,-1686,5540,-1402
3148,-2544,18208,-3801,3154,-1916
3220,-3040,15660,-1638,185,-1258
2776,-3124,14696,-1465,1394,-1329
1484,-3592,11956,-192,1779,-1973
1616,-3604,8776,4366,6,-2610
2188,-2520,8264,6308,1242,-2949
-704,-2160,1168,10770,3101,-2835
-2672,1784,-6084,25331,-5724,-6567
3184,7656,1144,32767,-11303,-9160
6028,10948,12432,32767,-4653,-8605
3088,12696,12712,32167,-3029,-6235
844,13776,16804,29155,-1068,-9109
4880,16416,21720,19792,3543,-11869
6852,16968,17864,15349,6159,-8531
6512,17788,21848,14846,5241,-6415
7320,17564,24476,11551,3411,-3634
3532,15940,29112,6852,6155,-611
924,15852,30768,-1619,1715,-1117
3048,15136,23996,-4067,-153,-3265
7696,16288,27108,-6432,-187,-2072
5968,15328,26832,-15179,3580,810
4700,14708,18968,-19395,1412,3138
1732,11980,18676,-13820,-1435,2834
2888,13160,27124,-20410,1914,1557
4648,14248,25804,-31860,9529,2208
4372,13908,20424,-32768,1577,4522
3340,10784,14540,-28581,-835,7048
32,7804,21252,-29692,2050,6107
1292,6892,15944,-31482,-3444,5369
-1232,2952,4828,-22259,-10951,4643
-1616,-236,5356,-14359,-3917,2331
-1480,-1116,10492,-12916,-2703,-687
2392,-692,2308,-5159,-9588,-1623
3588,-1052,5388,525,-2217,-259
3548,-1372,13032,-1510,6700,654
1276,-2104,20356,-5354,-760,207
5276,-1408,10296,-5118,-2114,659
4056,-2448,13768,-4553,6160,2794
1908,-3548,17348,-6372,5105,2635
696,-4188,12140,-1500,-3699,1696
1388,-4484,15040,876,3472,-549
2992,-3224,22480,-6097,11406,-1472
3120,-3504,16780,-7535,2191,-102
2512,-3752,13328,366,-4735,1370
-444,-4912,15820,1603,-1490,126
140,-4024,19632,-2201,2317,-3275
3688,-3144,15800,-1721,-1295,-2954
3844,-2896,15624,1979,-3539,-886
2948,-3088,19108,-403,1090,-299
2428,-3204,18876,-3685,-992,-537
7232,-1632,14484,-1462,-1742,1278
4300,-2916,15980,-819,816,4607
-352,-4624,17904,-2984,1725,4049
-1488,-5040,14120,-1273,-1842,-631
976,-4084,15424,2595,-1725,-2541
1844,-3328,20316,558,-313,-2972
2776,-2828,19144,-1608,-4464,-2094
3552,-3732,14484,-459,-5012,-1003
3756,-3768,15252,-1187,1342,-1838
4504,-2504,17180,-1530,547,-1029
3636,-3228,15864,-591,-1222,255
3272,-3400,16156,-436,125,-75
3204,-3252,16000,-714,960,-490
3200,-2972,16540,414,202,-252
2652,-3496,16648,754,-411,-368
3540,-2740,17696,-470,1185,-589
3832,-2656,17316,-824,120,86
3436,-2708,17044,-1548,801,633
2464,-3244,16452,-939,488,188
2816,-3004,16728,467,-519,-576
3540,-2652,17476,562,-395,-771
4008,-2144,17480,-298,-94,-204
3960,-2240,17636,-1117,1199,286
4096,-2000,17688,-1200,438,1264
2904,-2752,16928,-1390,-580,1786
1608,-3056,16428,-1341,637,882
1912,-2932,17180,-1262,521,-493
2964,-2396,17216,-1398,48,-748
3116,-2104,16964,-1527,280,-778
3164,-2168,16932,-1616,607,-831
3556,-2012,16948,-1776,592,-599
3112,-2236,16700,-1602,438,-168
3264,-2144,16680,-1271,-27,-297
3648,-2072,16244,-896,132,131
3344,-2256,16708,-1116,775,419
2936,-2336,16804,-1105,724,474
2652,-2576,17156,-1163,358,-60
3352,-2344,16844,-1098,143,-328
3408,-2304,17420,-972,310,177
2720,-2288,17760,-1610,227,120
2796,-2276,17372,-1875,108,-248
3188,-2180,17040,-2049,-36,-249
3124,-2212,16168,-1516,-450,-103
2860,-2412,16372,-1234,79,111
2636,-2464,16796,-1133,583,-117
2708,-2352,17400,-1451,373,-469
3516,-2172,16620,-1339,-613,-223
2808,-2472,16388,-1007,169,97
2420,-2588,17280,-1431,863,-414
2984,-2296,16756,-1496,2,-604
3020,-2280,16484,-899,-145,-371
2864,-2416,17100,-1090,515,-456
3052,-2000,17516,-1601,571,-391
2944,-2224,16888,-1583,-235,-91
2736,-2248,16184,-1064,106,-153
2480,-2312,17552,-969,786,-526
3184,-2028,17508,-1730,206,-415
2948,-2256,16516,-1394,-111,-12
2356,-2520,17404,-1110,472,-256
2832,-2316,17316,-1863,146,-574
2908,-2316,16308,-1398,-239,-210
2280,-2360,17032,-1625,1502,-478
2736,-2192,18028,-2458,1781,-823
3408,-1808,17052,-1712,-1100,-140
2336,-2400,16284,-894,-569,510
1164,-2444,17684,-1877,1361,-220
2216,-2348,17224,-2071,-677,-1118
3728,-1956,15428,-241,-1114,-646
2952,-2252,18416,-616,1412,-167
2964,-2012,18588,-2895,699,34
2516,-2716,15268,-2780,275,416
1396,-3040,15632,-934,653,-131
# recorded 5 gesture(s)
# ready...
# GO
-,-,-,-,-,-
2648,-5516,14196,-1778,-495,703
1556,-5972,14520,-3505,1456,-467
2064,-5660,13316,-2191,-1321,-653
2716,-5716,12044,893,-3896,14
2356,-5504,12948,1043,-212,-180
1224,-5704,14752,-412,1241,-795
2712,-4984,13636,1137,-2221,-1761
4232,-4288,12612,3730,-1740,-1055
4192,-4324,10368,3687,1972,228
292,-4880,7688,5293,2867,499
-1448,-4112,1716,14891,-5885,-1450
-3084,-36,-5060,28259,-7347,-5427
-2124,4684,6104,32767,-1418,-11847
6936,9976,13372,32767,-5475,-12271
10916,14256,5916,32767,-14279,-2107
804,12996,16804,32767,-7391,-601
2588,14088,21160,27397,-2889,-7954
7308,16800,19312,19671,3441,-8552
7684,17068,19248,17657,3492,-5236
4792,15452,19392,16666,-1331,-5218
4896,15204,23092,12971,618,-6980
6724,15948,22208,4666,4353,-7901
7872,16480,19876,3459,1894,-6349
8904,16836,20996,3339,1203,-3015
6644,15992,22332,-1251,1645,-590
5472,15144,21456,-6499,2563,-718
6040,14872,18904,-8657,2806,466
4100,14460,20448,-11440,4284,786
2856,13628,17408,-13626,299,1270
2632,13592,16156,-10629,-1942,683
6256,14912,18392,-13821,1250,1246
3480,14892,22500,-21656,7472,3042
876,12632,16884,-26244,7966,1238
4352,12316,14168,-23768,6966,-289
4680,11420,15540,-19855,2079,3171
1224,8944,19596,-19097,-489,4069
-1584,7520,23732,-22729,-5439,1826
4744,9196,12360,-29916,2688,1976
4576,6304,14836,-28320,5386,4895
2020,4612,16072,-26860,-2370,6957
1116,3716,4532,-25424,-4652,8022
-2416,-2828,-1652,-16853,3657,7752
-4024,-4744,8292,-4490,650,-91
2940,-1792,10172,-737,-6882,-1528
2436,-2672,9676,722,-4110,1120
936,-3720,14232,81,-1278,-67
2604,-2864,14440,-706,-2442,-805
3292,-3392,14488,-1167,-871,366
1876,-4024,14100,-4713,2049,290
-256,-4640,12004,-3218,2210,-709
2096,-3148,15732,3998,-2334,-3787
5944,-1052,22184,2212,-809,-2391
4436,-1736,20412,-3988,1233,-62
2072,-2968,16408,-4124,1806,-159
2516,-3076,15428,-1589,812,-1377
4664,-2084,16140,-1477,2751,-1207
4068,-1408,18264,-4121,7592,752
680,-3428,17892,-4803,1948,1153
868,-3484,13196,-207,-1646,-104
1636,-3420,17968,1223,523,-1496
3820,-2220,19668,-2273,1590,-582
2180,-2660,16100,-2068,-2601,996
1096,-3488,15768,1062,-1967,363
2160,-2624,18400,-1077,213,-495
2220,-2836,17224,-2182,-208,-287
2864,-2728,15428,-373,-934,-51
2256,-2920,17700,-577,228,50
2680,-2828,18300,-1753,-1252,79
3024,-3044,15408,-2367,-632,623
2060,-3152,16856,-1891,2751,546
1796,-3220,16992,-1450,-781,-221
2568,-3240,16072,-34,-1086,-1132
3544,-2336,18024,56,394,-1020
3480,-2164,19092,-2086,1804,199
2396,-2404,17648,-3546,802,1182
1924,-2620,15932,-2962,111,1346
-152,-3720,15964,-2081,745,221
832,-3288,17952,-2551,976,-1988
2732,-2108,15772,-2141,-1957,-1455
2220,-3172,14192,468,-1454,-178
2212,-3184,16896,1059,-61,-1436
3220,-2772,16924,-344,330,-735
3028,-2876,16548,114,937,1
2492,-2724,18568,-53,1325,467
2652,-2584,18072,-943,-926,893
2056,-3160,17476,-792,-428,1310
1396,-3156,18636,-1677,768,493
1324,-3060,18524,-3328,1100,-228
1860,-2572,16840,-2939,-367,-1046
3248,-2136,15992,-1476,-1004,-744
2572,-2600,16640,-1492,-295,-64
2420,-2640,16160,-1193,-251,-336
2748,-2708,17536,-339,-514,-86
2716,-2684,17464,-1128,-979,278
1804,-3284,16532,-1600,1141,39
2268,-3048,17360,-1530,215,-841
3000,-2528,16148,-1183,-1901,-163
1764,-3076,16224,-1143,208,-271
1676,-2668,17444,-2260,1407,-871
1748,-2520,17232,-2436,-197,-1140
2404,-2388,16420,-1544,-922,-1036
2560,-2684,16740,-1531,-269,-761
2760,-2680,16872,-1774,241,-579
3276,-2700,16696,-1523,64,-117
3172,-2664,16340,-1171,251,1026
2356,-3020,16976,-940,950,1464
1108,-3488,18216,-1268,910,912
1748,-3340,17240,-1955,-1087,-873
3888,-2296,15060,-991,-1177,-644
3060,-2700,16836,-614,497,229
1964,-2864,17424,-1763,-338,183
1852,-3236,15780,-1403,-1292,-414
2184,-2964,15560,-255,-571,-1072
3044,-2184,17400,-1017,1712,-1213
3124,-1896,17520,-2137,374,-409
2632,-2344,15380,-667,-1363,59
1876,-2620,17244,137,346,-445
2040,-2396,18564,-1396,971,-734
2212,-2308,17600,-1440,-720,-697
2048,-2644,17504,-759,-1030,-712
2608,-2388,17816,-1871,546,-1055
2528,-2512,17356,-2239,112,-755
2584,-2684,16584,-1632,-451,-911
3080,-2400,17020,-1137,-339,-759
3084,-2300,16888,-1801,501,-17
2824,-2632,17072,-1799,393,-138
2936,-2388,17084,-1431,-777,144
2736,-2836,15844,-1800,184,94
# recorded 6 gesture(s)
# ready...
# GO
-,-,-,-,-,-
3040,-2248,17508,355,3336,-3226
3516,-2092,18164,351,-1798,-1155
1668,-3060,15888,-393,585,-927
1672,-2172,17784,-753,2446,-2901
1812,-2888,18312,-815,194,-3414
4460,-1776,17380,970,-3480,-2850
6144,-604,18308,-1269,-1073,476
1400,-2024,18832,-4685,2510,2570
716,-3340,18896,-5645,1944,-86
3212,-2516,15648,-5849,-462,-1855
4896,-1264,16204,-3471,893,-739
2748,-1988,21356,-5635,1410,982
660,-3504,19244,-12610,3153,392
1932,-3488,15060,-13688,1419,-1192
3504,-4468,9796,-8342,2069,188
1804,-5136,7008,-708,-1758,2516
-532,-5004,3424,12631,-7091,1201
1064,-3348,11724,16368,-1561,-3142
3008,-1188,12468,13019,-1768,-3102
2684,-1312,2764,18744,-10573,-1810
1928,1036,68,28328,-9736,-2560
5576,4372,6856,31658,-7992,-3290
6572,6720,6708,29613,-9042,-981
-1704,8796,1624,32767,-4029,-1159
-4828,13004,16672,32231,5289,-11756
10732,17464,17628,22905,-859,-11132
8752,19892,7220,29099,-79,-4139
2340,19096,31892,22514,2836,-5093
2764,18844,18808,13720,-555,-8708
10792,20568,17624,14161,-1942,-5645
5416,19640,17152,11262,729,-3785
4960,20764,24248,8763,341,-3343
6592,20768,24184,-2037,2500,-1604
4088,17544,18688,-5338,915,893
3412,15480,15716,-5704,-1017,-115
4592,15968,17616,-9880,-595,627
5188,17024,15140,-15789,1862,598
3080,16420,11416,-16872,2594,1149
4212,15392,15448,-15294,520,-99
3200,15100,20568,-19621,-4259,969
4300,14944,8836,-25377,1275,1873
244,11416,14520,-22902,7012,333
2932,11736,17468,-24250,2330,-1585
4580,11808,15792,-23035,-3167,941
5176,9620,12904,-21857,-1172,2745
3724,7956,18824,-24662,5733,4228
2100,6792,16676,-28609,3680,3797
2900,5024,9772,-22508,-3072,4068
3060,2512,8088,-15688,-3975,5776
428,644,8728,-11209,1878,3857
1500,-460,14692,-10016,2740,1586
2936,-980,10672,-8893,-197,1537
1044,-1940,8228,-2489,-2883,1355
528,-1964,12772,105,2068,-1268
4048,-652,15640,-1269,770,-1576
4828,-752,13208,2056,-3687,1625
2884,-1592,16224,1349,272,2000
1212,-2452,19316,-4781,2644,999
404,-2304,11172,-3637,-2906,175
1704,-1428,12084,1750,-240,-909
3316,20,19752,-687,2462,-2116
4224,524,18420,-1692,-206,-1224
3652,-52,17424,-276,-1687,-64
2204,-1348,16032,-1956,1462,-914
3648,-576,16764,-163,63,-2021
4060,-156,16908,1547,-1313,-1093
4224,52,19220,-233,-393,-603
3248,28,17652,-1088,-416,-452
3012,-260,16744,-879,41,-844
3028,-116,16984,-573,295,-938
3496,-28,17776,-506,170,-577
3632,128,17652,-1372,-61,-185
3092,272,16812,-1612,760,-85
3504,16,17416,-1641,1543,-264
4020,-100,17228,-1916,854,3
3968,-332,16428,-847,-278,695
2864,-280,18184,-766,390,444
2524,-204,18548,-2369,496,18
2680,-36,17424,-2699,-568,-273
3320,208,15796,-1172,-1006,17
2716,-424,17608,-1254,450,121
756,-1168,15832,-1532,1252,-1669
2580,-468,16996,-148,696,-3292
6032,1364,17972,-450,-814,-827
4452,428,16996,-1610,273,2104
1568,-524,18064,-2574,1052,1593
1864,-292,17208,-1761,-958,232
3180,-180,16556,-696,-1360,-43
2936,-300,18532,-1700,492,-362
1920,-440,17800,-2223,-1903,-533
3104,-232,16912,-1599,-3308,-1620
5572,564,16056,-1961,-1838,-1064
5492,712,16580,-2400,1479,728
4112,-24,16516,-2027,555,2122
2220,-880,16404,-1131,-547,1389
2676,-1024,16248,-1094,-156,15
3472,-320,17104,-792,258,-407
2724,-544,17760,-825,-1452,-139
2308,-584,16068,245,-1263,-1626
4404,508,18220,-1290,259,-1916
5276,572,16716,-2182,996,-222
3400,-248,16684,-1533,472,832
1964,-528,16568,-1139,534,-20
3324,-368,17848,-1746,876,-1383
4660,252,16452,-1543,3,-790
4240,316,16820,-427,-240,-110
4060,344,17996,-743,64,332
3176,-92,17620,-2202,640,391
2904,-408,16128,-1815,4,-179
3340,-192,16880,-1068,206,-467
3744,52,16916,-1283,683,-288
3252,-140,17108,-1483,522,-234
3088,-128,16576,-1161,115,-487
3852,16,16960,-1060,457,-378
3396,-32,16808,-1089,646,-206
3528,-48,16952,140,-1292,-2
2796,-168,17612,165,-439,-56
3168,28,18240,-1693,1321,-1136
4764,808,17436,-1901,673,-333
3960,184,16872,-472,-888,895
3484,120,16952,-523,535,654
3348,524,19544,-3355,4070,-254
3664,664,18140,-4888,2176,282
3164,228,15700,-2248,-105,1124
2052,-620,16252,-1135,396,1022
1984,-404,17344,-1668,1548,-165
2208,-260,17524,-2021,766,-167
1436,-560,16432,-1148,-1839,-202
# recorded 7 gesture(s)
# ready...
# GO
-,-,-,-,-,-
2028,-3184,16904,-4034,1357,-1242
1892,-3584,16008,-2338,-1563,-825
1932,-3984,15448,-1150,-1622,-27
2104,-3752,15940,-659,-272,94
3976,-2784,19820,-956,-2452,983
3348,-3316,19088,-4591,-2595,2154
2160,-3956,13884,-5288,118,1825
1432,-4800,11796,-941,172,574
1480,-3744,11744,7274,-3963,-341
2840,-3092,13204,10280,-6056,-279
1936,-3188,11584,7853,-3222,-90
1356,-1988,9060,6893,-853,-1914
824,-1008,6324,13643,-4681,-4229
708,-216,6448,22386,-9578,-7708
2948,1404,7008,25274,-3286,-10576
2152,4388,8952,26668,3020,-12472
2512,8448,4036,32767,3283,-12959
6260,11156,12568,32767,2343,-8068
2604,13932,13940,26400,4142,-3447
4052,14716,11928,22504,3187,-2301
3956,16032,11496,21408,-2009,-107
2800,17204,14416,19162,-878,561
1736,16448,12084,16297,1999,-1344
3864,19676,14104,16123,-136,-2811
3880,19772,15496,12777,1685,-4362
3692,21276,19136,9469,847,-3023
3624,22480,21880,8989,155,-972
4532,22144,24440,3015,1848,-137
3568,20216,19716,-3046,-10,25
3076,18140,16732,-7657,500,-911
2928,17540,15892,-11493,1616,-1130
3488,17548,16700,-16099,977,-548
3284,17752,17860,-22717,-122,552
3384,18592,17880,-26585,-2456,1608
4284,18264,14456,-26446,-6621,2735
3452,16960,15000,-24548,-2123,2153
4684,16196,18292,-28016,878,2415
3300,13800,15064,-30536,1418,3463
3288,12040,14952,-31462,625,4215
2708,9776,12868,-30768,1870,3781
2940,7808,14128,-29162,4265,2547
3064,6052,15056,-29064,912,3452
1648,3304,10780,-28079,-782,3268
988,108,7200,-22656,1742,2677
1808,-1840,7084,-15578,3664,1314
1272,-3344,8424,-8516,450,635
1816,-3980,7572,-3623,-28,437
1896,-3740,9472,-658,1434,84
2060,-3520,13604,-181,1996,-15
2724,-2748,15648,-989,777,769
1800,-3024,15712,-1810,803,638
1592,-2920,14940,-584,94,433
1836,-3288,14928,-154,492,544
1684,-3680,16336,-1999,906,575
1952,-4032,15800,-822,-1178,346
2484,-3412,15956,-224,-381,345
2288,-3648,16640,-33,1636,-934
2404,-3464,16984,316,-262,-693
2288,-2656,17684,334,-1066,-298
2204,-2684,17704,-1321,1115,-814
2352,-3068,16616,-1435,641,-963
2268,-2868,16520,1,-1184,-843
2676,-2584,17876,-927,12,-655
2632,-2764,17012,-1824,500,-385
2092,-2832,16720,-1348,-1011,452
2016,-2624,16596,-1009,-780,270
2072,-2400,17116,-1897,2695,-855
2288,-2784,16432,-1976,4035,-1478
1860,-2668,16400,-849,1709,-908
2328,-2256,17620,449,-1554,-487
2368,-1892,18308,309,-313,-699
2508,-2000,18536,-526,-215,-224
2204,-2244,17816,-1444,-3065,658
2276,-2440,16468,-2313,-2614,1057
2164,-2816,15764,-2732,196,101
2076,-2856,16080,-1370,-325,-930
2628,-2148,16772,-546,-1177,-926
2488,-2516,16780,-528,-622,-696
2632,-2300,17212,-731,199,-630
2648,-2184,17536,-1003,9,-362
2668,-2352,17256,-1099,-519,-105
2692,-2452,17056,-1402,341,-373
2768,-2456,17260,-1806,75,-210
2832,-2668,16572,-1588,-966,223
2448,-2464,16556,-1215,-1105,146
2368,-2328,16804,-1220,476,-619
2336,-2048,18060,-1285,435,-1068
2940,-2344,16716,-1474,-296,-582
2608,-2508,15972,-1162,867,-555
2660,-2376,17076,-1083,1413,-699
2832,-2048,17604,-1185,-53,-139
2912,-2192,17112,-1300,-1235,416
2604,-2372,16996,-1276,157,174
2660,-2308,16900,-1208,800,-110
2640,-2236,17220,-974,-293,39
2456,-2360,16920,-1269,-184,138
2620,-2292,16792,-1229,266,-195
2832,-2204,17228,-926,-276,-256
2768,-2160,17348,-1453,-355,-74
2740,-1944,17400,-1800,721,-373
2772,-2148,17212,-1525,567,-371
2580,-2376,17112,-1311,-133,-88
2480,-2452,16832,-1321,364,-73
2540,-2172,17012,-1326,710,-278
2684,-2304,17096,-1243,20,-89
2788,-2108,16884,-1562,-318,197
2484,-2172,16620,-1533,631,-16
2492,-2092,17244,-1111,461,-304
2500,-2016,17080,-1222,-416,-189
2440,-2360,15832,-2497,892,-19
2316,-2276,16488,-1169,1866,-52
2740,-2208,16984,458,809,191
2704,-1620,17708,145,-419,790
2368,-1412,17748,-880,528,663
2228,-1948,17400,-1304,611,-13
2272,-1824,17236,-1270,-344,-340
2148,-1972,17004,-1317,-329,-401
2376,-1896,16912,-1436,-58,-422
2296,-1836,16804,-1377,-28,-473
2372,-1856,17128,-1104,-453,-568
2332,-1940,17304,-1044,-526,-515
2512,-1788,17380,-1586,246,-318
2288,-1836,16692,-1413,494,-277
2332,-2016,16856,-1141,160,-145
2348,-1908,17152,-1304,59,-64
2424,-1832,17376,-1703,316,-119
2312,-1948,16888,-1735,120,-271
2384,-2092,17184,-1768,-518,-133
# recorded 8 gesture(s)
# ready...
# GO
-,-,-,-,-,-
2524,-1460,16968,-1516,-41,-494
2852,-1388,17520,-1613,175,-415
2500,-1368,16964,-1856,348,-282
2436,-1580,16996,-1747,248,-232
2500,-1424,16820,-1647,95,-437
2596,-1284,17040,-1658,668,-553
2432,-1500,17024,-1654,496,-347
2440,-1488,16736,-1587,-2,-148
2580,-1592,16936,-1428,172,-149
2284,-1580,17072,-1467,499,-213
2312,-1592,17244,-1333,257,-174
2304,-1348,17124,-1358,108,-309
2216,-1612,17192,-1606,-58,-314
2480,-1544,17220,-1651,-164,-342
2496,-1592,16984,-1704,-123,-363
2332,-1608,17044,-1626,-155,-289
2548,-1504,16920,-1601,58,-301
2416,-1560,17060,-1507,-65,-289
2456,-1536,16980,-1309,-244,-280
2580,-1516,16940,-1343,46,-171
2568,-1760,17128,-1223,-71,-30
2784,-1288,17768,-1259,-281,128
2580,-1888,16624,-1300,548,-11
2364,-1652,17132,-685,525,-253
2600,-1400,17820,-1432,-68,-146
2384,-1448,17200,-2210,185,-249
2380,-1608,17044,-2252,318,-529
2456,-1644,16764,-1873,-52,-590
2544,-1588,16648,-1556,-189,-563
2588,-1576,16664,-1504,121,-639
2920,-1460,17300,-1543,203,-609
2932,-1656,17088,-1656,-47,-449
2952,-1712,16888,-1816,-100,-354
2500,-1936,16832,-1826,-305,-320
2480,-1696,17136,-1755,-274,-455
2416,-1456,17056,-1706,152,-497
2600,-1636,17044,-1329,532,-322
2468,-1640,17152,-1127,227,-154
2380,-1644,17232,-1339,123,-152
2592,-1632,17192,-1511,181,-475
2656,-1604,16904,-1498,170,-482
2452,-1696,16724,-1176,185,-339
2400,-1680,17212,-1333,268,-339
2488,-1668,17332,-1417,388,-494
2332,-1776,17160,-1334,331,-495
2556,-1636,17416,-1720,-10,-393
2472,-1724,17480,-2286,-256,-344
2536,-1628,17752,-2349,-393,-265
2624,-1820,17460,-2652,-384,-227
2796,-1640,17400,-2467,79,-462
2824,-1796,17164,-2386,126,-302
2608,-1932,17200,-2826,93,-297
2456,-2188,16584,-3038,-55,-219
2124,-2764,14236,-2592,-572,-191
2168,-2992,13216,-861,-752,-569
1380,-2704,11680,1104,231,-1423
1976,-2596,11008,4973,591,-1416
1600,-2556,9608,8225,-834,-1213
780,-1984,7308,11781,-935,-988
852,-48,8140,15496,317,-2359
1820,1940,10276,19761,-2093,-3223
1960,3104,10056,22753,-5015,-3055
2920,6128,11652,22165,-2378,-3396
3520,8292,13264,21005,-1507,-3283
3864,9920,13624,19804,-3509,-1948
4316,12756,15244,17598,-304,-1718
5236,13776,15544,15784,188,-1729
4204,13992,14532,18797,-5850,-485
3712,15604,16460,17667,-2326,-1249
4324,15252,16100,14327,1777,-3425
4692,16052,16680,12418,-386,-3927
4200,16916,19052,11417,-2508,-3737
4852,17144,23020,8999,-1697,-2225
5708,16640,22840,4274,-1668,-441
5580,16956,23308,-2189,-860,574
4776,15788,20264,-9133,1769,-58
4052,15236,19164,-13841,2777,-900
4876,15192,19696,-17095,1749,-725
4292,15392,20860,-20434,-2257,409
3512,14460,13280,-22731,-3805,1686
5032,13668,14456,-19576,-3118,1895
5580,13608,17860,-18893,-6165,3408
5600,12544,16392,-20960,-3259,4754
5596,10700,14044,-23546,4950,4567
4688,8652,13396,-21837,8413,3610
4764,7344,14976,-19384,5993,3350
3116,6092,16636,-20041,2470,3830
2104,4136,13360,-21675,2846,3456
2408,1940,11224,-19847,5662,2548
1400,480,10008,-15668,5488,1074
1600,-296,11296,-10955,3045,734
2452,-1308,12088,-9488,3829,666
1412,-2148,11128,-7675,2685,644
1940,-1844,12588,-5296,-107,888
2292,-2168,12292,-3794,357,1366
2060,-2248,14348,-2700,2671,1596
1296,-2380,15588,-2827,1605,1472
1480,-2164,15476,-1350,-2509,2094
1640,-2388,15592,-1812,-1012,1196
1736,-2300,16144,-2360,2128,-389
1248,-2680,16204,-847,-109,-1098
1860,-2448,16448,27,-2504,-986
2344,-2236,16848,-733,319,-1007
2448,-2336,17672,-2923,4076,-1447
1912,-2184,17436,-2920,1198,-1540
1832,-2080,16792,-738,-3625,-613
2480,-2124,17292,-664,-438,-477
2292,-2100,17792,-1602,1168,-432
2316,-2120,17092,-1009,-943,-99
2296,-2224,16784,-874,-1444,181
2272,-2264,16980,-1275,373,-4
2020,-2324,17348,-1172,-297,-134
2036,-2184,16564,-4,-2520,-235
2476,-2056,17024,-352,-930,-507
2680,-1868,17128,-1381,414,-600
2520,-1952,16664,-873,-438,-212
2524,-1964,16448,-548,-1475,184
2676,-1660,16692,-1839,676,-231
2452,-1736,16396,-1478,1208,-717
2584,-1696,16864,-424,-575,-498
2892,-1664,17480,-791,-376,-143
2668,-1712,17292,-1449,824,-397
2424,-2028,16908,-687,189,-515
2732,-1952,17108,45,-804,-251
2936,-1636,17680,-1025,366,-148
2312,-1756,17132,-1337,824,-239
2408,-1860,17008,-820,246,-507
2576,-1388,17560,-1031,5,-432
# recorded 9 gesture(s)
# ready...
# GO
-,-,-,-,-,-
2452,44,18532,-6902,-4676,-7082
2112,-2532,14896,-7858,2844,-15280
8484,-9092,12524,-4508,2639,-14390
11752,24,11404,2679,-263,1127
3852,-1696,17768,3384,-2479,9056
4508,2448,17496,1300,-5335,11029
2852,-2136,15336,3264,-5481,10620
4696,-2572,16660,1569,742,8353
6332,-2380,16944,-249,1487,3881
5612,-800,16920,1059,2353,2835
3432,-848,17836,233,-89,5341
3856,-2104,17044,-1437,-1410,1247
5440,-1688,17452,-2732,1816,-370
5084,-912,17868,-3437,2323,-407
3952,-1312,17836,-2459,93,968
4356,-1936,17628,-3397,-71,82
4592,-2116,17164,-3662,2508,-1257
4300,-1712,16780,-4962,3717,-1469
2856,-2916,14916,-5080,4211,-2084
3468,-3384,13920,-1537,4491,-3007
2496,-2752,13104,1514,2230,-2604
2896,-2892,10964,4363,2048,-2536
2212,-1924,10068,7069,3243,-2358
1540,-1540,7692,10668,4677,-2774
408,-2276,7156,14892,4471,-3693
-96,-1760,5320,17875,-1125,-4666
-212,1660,732,27387,-4950,-3303
4656,6340,8476,30704,-5326,-1837
2924,8232,9508,26090,-7106,1400
164,11412,8500,29749,-8400,2140
3744,15892,11600,29672,-2500,-4363
8140,18572,12052,28179,-4432,-1918
2844,17096,13452,23930,1038,-2660
-2924,15036,14952,14344,6006,-9301
3848,21116,13680,15754,-699,-10259
7152,22388,13748,11753,1999,-7854
4188,20768,14608,9396,3049,-6559
3612,19400,14012,7822,-963,-4675
3852,20136,13824,6924,109,-5077
4860,21188,17260,2153,1582,-3793
3472,20944,17272,5,-476,-2916
2412,19900,20188,-3682,153,-2978
2852,19348,20496,-10420,3121,-2480
2560,18268,15452,-12997,843,-1750
1584,17388,16724,-13921,-390,-2382
3568,18496,14604,-18021,2110,-2749
3096,17936,15372,-19629,702,-1339
3240,17580,15372,-19596,-3296,757
2624,18124,17428,-21671,-8010,2433
3648,17408,14640,-27708,1428,5947
-3672,13292,20480,-32768,4231,2517
312,14764,18148,-32768,2698,-2614
4836,14812,13912,-32768,-4092,986
1932,9104,8508,-28120,-9372,6122
-852,4040,8844,-22758,-6079,4744
-1060,1172,9688,-20623,-2463,818
1088,-96,8120,-15317,-4442,-1386
3160,-584,6716,-9108,-5849,-940
2412,-1932,4876,-4001,-6228,527
1540,-2432,8636,49,-1702,-934
3368,-1380,13052,1947,-4388,-948
3780,-1340,12916,2227,-2819,-35
4044,-1212,14760,669,876,-29
3548,-1420,16624,-398,542,552
3376,-1236,16216,-675,-2053,1691
4148,-432,14720,-395,-428,3849
836,-2664,17272,-1540,3297,1474
1816,-1496,18320,-1876,-19,-3059
4744,356,16772,-407,-651,-3256
4660,-24,17920,-954,1454,-2536
4364,-216,18440,-2405,901,-2322
4980,216,16652,-1984,-873,-1613
4232,-404,15932,-1338,899,-1024
3732,-484,16836,-984,2158,-1890
4720,64,17204,-866,342,-1209
4488,232,15588,367,-809,-2
3256,-268,16548,409,1120,-280
3344,-240,18320,-868,2064,-1593
4600,612,17676,-1484,-295,-747
4092,-192,16264,-1941,-205,357
3528,-620,17124,-2127,1710,-666
3980,192,17600,-2799,470,-821
3672,-180,15660,-1633,-894,-425
3188,-448,16380,-313,1899,-1128
3112,28,18276,-1406,1696,-1790
3132,436,15168,-2001,203,-852
2048,-808,13860,1814,410,-1370
2896,268,17464,3735,2059,-3767
4488,1660,19876,689,1365,-2736
3560,1972,18084,-1260,-333,-733
2952,852,17516,-1326,28,-792
3568,1020,17664,-1862,-266,-898
3500,696,16612,-1767,-1066,-495
3940,836,15376,-961,127,-178
3648,304,17204,-1375,1894,-159
2924,424,17476,-2357,381,9
2116,-180,15820,-1378,-601,-629
3192,172,16816,-103,533,-2253
4260,1244,17924,-773,274,-1822
3972,1148,17000,-1220,-546,-825
3952,920,16228,-1259,-388,-538
3652,872,16444,-1006,525,-465
3876,828,16988,-491,-155,-614
4156,1052,16452,-600,610,1
3272,520,16944,-968,1472,125
2776,248,16360,-940,987,-468
3136,1040,14472,198,359,-1103
3880,864,15868,2372,604,-1525
4836,2720,18372,2741,538,-713
4480,2824,19284,792,1284,1236
2780,2080,18640,-1076,1821,2150
1616,808,17708,-1389,854,1151
2304,1140,17448,-460,483,305
2308,1572,19612,-982,119,-94
2376,1712,18452,-2556,-365,-129
2296,1656,18196,-2863,-308,-819
2424,1344,17412,-2640,-889,-1210
3276,2116,16748,-2023,-1487,-1439
3048,1840,17112,-2359,-100,-1066
2668,1576,16876,-2975,184,-1130
3488,1892,16036,-2069,-909,-918
2876,1468,16460,-1536,-1119,-310
2984,1724,17468,-2169,-501,-837
3592,1380,16352,-2446,768,-187
3296,1300,17788,-1168,-276,79
3640,1304,17928,-1113,-1617,399
3256,1236,16008,-2649,407,527
2568,360,16228,-2142,1446,-434
# recorded 10 gesture(s)
# ready...
# GO
-,-,-,-,-,-
5056,-1188,16400,-12301,10022,1855
1892,-1352,17512,-12579,1991,-248
3540,-2780,10592,-5410,-5178,-741
2992,-3696,10644,286,1028,-995
3468,-2896,16784,-714,9608,-3398
5328,-1048,18420,-1389,3461,-1827
4552,-1928,15184,-778,-2271,932
4796,-2204,12624,1430,1408,1304
2632,-3228,13600,1276,5036,1369
1872,-2444,16660,2842,1331,-332
2884,-2120,13340,5320,-6560,-504
3812,-360,11156,8079,-4730,-930
3508,-708,9424,9032,-243,-1210
1976,-28,8756,13579,-3648,-2661
1768,1632,2788,19381,-12810,-2157
-296,3684,1896,26192,-6236,-5186
1788,7048,8636,24538,-5639,-9822
7144,11540,1980,27221,-5137,-10435
6576,14388,4816,30414,2706,-6104
1192,16112,10740,31100,3514,-5630
1160,17932,18580,25678,5435,-7911
7644,21752,15404,19902,4484,-10230
10780,22684,14504,17138,7198,-5821
6568,22276,14000,20066,3031,-1966
9448,23892,27444,17550,-408,-2004
7856,22288,27388,6215,2140,-1272
8132,19904,26700,-706,991,71
4964,16936,18972,-5884,-1229,1426
1976,14540,15700,-9059,111,-503
5860,16028,14600,-11659,-2258,-1354
6208,16104,9188,-14743,1575,1364
3828,15880,16344,-18460,7419,624
3608,16812,19280,-26754,6544,449
7964,17160,10760,-20658,-12052,4431
8816,17376,15332,-19026,-8194,9374
3008,15956,17976,-27588,-41,9602
2788,13848,16504,-32768,3069,6083
4764,10704,7676,-29312,-2473,5872
5936,7336,8504,-21165,-500,4807
6076,6992,13076,-21608,3693,4772
5068,5052,10548,-20849,4322,5238
2392,2724,9048,-15932,1859,4019
1872,912,9188,-11591,2889,1568
3764,792,13260,-11404,7485,-1500
4736,1184,12736,-11291,4774,-141
3696,96,9676,-5447,-1003,1019
3684,-384,13604,-4383,3705,95
3988,-476,15868,-8171,7538,359
2376,-1540,13608,-5869,-43,1843
64,-2956,9656,1008,-4998,43
1496,-2408,14756,241,3474,-2374
2196,-852,17892,-857,1118,-2904
4080,-488,15048,2393,-7397,-1433
5060,-912,16312,1509,-2138,-1292
5080,-348,17920,-1330,260,-837
3364,-928,16156,1066,-4088,-232
2868,-1076,16736,1349,-3562,-1707
3668,-540,17440,-498,1339,-3814
6816,1296,19968,-2146,1914,-2455
6552,344,17692,-2639,-3017,925
5556,-112,15304,-1164,-3249,1543
5528,-864,15940,-962,938,793
5992,-396,17420,-430,-358,742
5988,64,17516,-994,-364,848
5132,-280,17696,-2231,1179,1284
4296,-652,17228,-2521,-518,632
6228,-568,15196,-1115,-927,-34
6932,460,16088,-2183,4563,896
3920,-296,19028,-4387,4454,1437
2680,-1284,16396,-3575,-644,498
3288,-1352,14152,-1033,-771,-1087
4864,-656,16208,-369,2192,-1791
4548,-288,17876,-1333,2169,-818
4548,-828,16168,-1068,983,-996
6808,36,16864,-1687,6906,-1082
5332,768,20880,-3312,5458,602
3060,188,18508,-2157,-6864,2438
2684,-1400,13492,1070,-7535,2185
2224,-1996,15780,153,-316,-414
4168,-520,17280,-1848,2754,-1797
4180,-316,16584,-1657,1156,-880
3520,-860,16716,121,-851,-1474
4716,-696,17264,412,-1829,-2333
5664,0,17208,-444,-928,-1711
5080,124,17024,-2161,1281,-569
4728,-264,16384,-2053,-336,86
3632,-640,15496,-1035,-1450,317
3744,-636,16552,-431,-180,-978
4784,-156,17416,-2039,1701,-1290
4872,60,16844,-2624,-62,-196
4532,-432,15012,-1262,-450,62
5148,-236,16744,-1223,2759,-207
4548,44,18176,-2208,1343,130
4600,44,16612,-2168,-14,753
3484,-948,16368,-1547,469,660
3168,-928,17144,-1514,734,-309
3304,-864,17580,-795,-1640,-925
3852,-856,16648,-343,-1248,-1603
4212,-388,17104,-1550,1295,-1840
3712,-144,16800,-2702,1499,-1630
3624,-436,15844,-2199,46,-1904
3700,80,15796,-1619,-1396,-2215
3948,-112,14656,-1034,-1125,-2318
4408,412,15600,-800,1795,-2748
4820,-12,17924,-938,2987,-3081
4652,708,18360,-2698,1120,-2592
5476,908,16224,-3208,921,-1120
3604,-1084,15820,-2459,2704,-630
3648,-656,16980,-392,713,-1196
4064,56,16504,26,1293,-745
4044,-872,17320,-804,2366,-513
3176,-116,17876,-1453,1717,-193
3628,88,17520,-1185,-276,-674
2952,-812,17640,-1369,1023,-356
2732,-492,18412,-1816,660,-1275
3636,224,17164,-1215,-1401,-1527
5228,576,17176,-243,-598,-1094
4464,424,17512,-1105,162,329
3172,-344,17156,-1551,-1485,627
3964,-512,15608,-684,-1682,79
4216,-68,16752,-66,26,-474
3536,-84,17700,-381,213,-468
3472,484,17576,-531,-877,-568
4304,584,17476,-863,-533,-276
4624,832,17660,-1486,-558,265
3588,324,16660,-2086,-313,800
3444,-236,16272,-1853,1005,242
3596,-116,16904,-1664,1027,-415
# recorded 11 gesture(s)
# ready...
# GO
-,-,-,-,-,-
4576,-3296,17152,-2708,556,212
4188,-3360,17964,-3357,782,254
4328,-3000,16664,-5289,827,687
2868,-3364,14160,-3195,1257,-63
3624,-3564,15028,1085,1419,-1829
4536,-3312,15132,808,2156,-1277
3556,-3008,15092,1362,309,-303
3100,-2616,14424,2085,-549,-294
3532,-3072,13888,4531,214,-1167
2388,-2528,12504,6730,246,-1325
2036,-1880,12244,7877,2078,-3074
3636,-856,13272,8219,-1691,-2718
4372,-236,11652,10420,-762,-1282
2560,1060,12212,14818,1545,-2373
1480,2552,9536,20360,7066,-4599
976,4620,9888,26697,9018,-6703
1380,7016,11520,31008,10410,-7252
-492,9304,7804,32767,11378,-7843
-1492,12780,13560,32767,9455,-9112
2464,14224,14268,27722,7449,-6758
1824,15048,13148,23873,1269,-4543
3012,16356,15096,20430,-884,-1953
1980,16412,13992,17817,-1173,1165
596,16524,13792,13844,-7093,3245
-480,16844,9620,11464,-3966,3121
-1244,16828,9252,14851,-4452,243
2120,19444,15624,12719,-6223,1153
828,18356,13832,6440,-3723,307
1060,17844,13656,3689,-4293,-393
2512,17712,11812,830,-4039,1185
1392,18636,12492,-847,-2486,1541
1572,19244,13040,-5088,1884,1093
1108,19348,11812,-8814,4151,421
1748,18548,13412,-12277,2057,158
3184,17852,12384,-13766,661,2127
2832,17872,12472,-16428,560,3678
2672,17040,12656,-18640,479,4546
2476,17744,15896,-21625,276,5154
1312,17432,13368,-25588,1613,3259
2652,15664,14272,-24622,-2063,1594
2724,15308,16692,-25700,-1649,1367
4380,13924,16036,-29541,-614,2590
2552,12904,12048,-31485,-372,2311
1712,9100,10344,-27182,-3320,1027
4228,7080,11976,-23961,-3585,936
4008,5132,12520,-20939,-771,2718
2956,4584,13680,-19241,-256,3022
1444,2532,11884,-18655,-1360,2398
1664,1216,10060,-13408,-22,1021
2284,-100,10932,-8531,2746,-680
3168,644,14668,-5469,1530,-449
3160,-1028,14196,-8512,3457,-44
2608,-1936,10992,-6583,3367,182
2364,-2300,13052,798,996,501
4408,-1700,16324,214,-669,2282
2224,-724,15652,-2935,239,2225
2236,-1060,16124,-1492,921,797
2516,-1272,16456,-1213,1078,302
3424,-1352,17300,-1241,-2238,1461
1088,-988,15648,-2945,-1351,402
2084,-1248,15852,-2072,759,-1400
3536,-1228,16468,-2138,459,-1052
3496,-488,17184,-2114,-1533,106
2912,-804,15520,-628,291,337
1924,-1060,15576,2096,97,-414
3236,-568,17928,1749,-411,-1316
3268,-332,18064,-1026,666,-829
2596,-480,16748,-1233,979,-1359
3380,-504,17516,-1416,-194,-1031
3276,-268,17188,-1920,-73,-183
3052,-496,16584,-1604,294,-363
2480,-600,16712,-962,1100,-989
3048,-488,17324,-561,1226,-1345
3460,-668,17960,-1371,532,-770
2636,-804,17176,-2661,579,-494
2964,-272,16704,-3046,458,-219
2540,-416,16156,-1806,172,-502
3436,-596,17196,-552,-679,-289
3016,-856,16880,-1124,516,-200
2400,-604,16688,-533,253,-199
2800,-432,17184,40,70,-81
2604,-364,17784,-635,83,-17
2796,-484,17496,-1941,520,-544
3120,-532,16780,-1754,407,-291
2516,-688,16852,-746,389,189
2776,-644,17292,-585,436,416
2092,-484,17456,-1245,709,39
2412,-292,17588,-1227,422,-401
2652,-300,17580,-1636,26,-396
2484,-464,16800,-1201,211,214
2820,-464,17280,-1337,-549,-91
2796,-244,17000,-1915,-245,40
2408,-156,16996,-1377,272,-683
2856,-364,17104,-917,396,-97
2848,-492,17000,-1191,159,-137
2132,-252,16748,-1284,344,-201
2668,-220,16868,-781,131,-424
3188,-152,17124,-788,-270,323
2748,-244,17560,-1632,12,241
2440,-192,17188,-1142,-267,44
2528,-200,17528,-1343,40,-721
2796,-400,17084,-1438,913,-367
2324,-328,17052,-1139,503,-660
2268,-76,17152,-1469,-78,-714
3152,-128,17500,-2391,22,-587
2376,-488,16356,-2077,76,-158
2396,-312,16632,-1189,99,-293
2552,-328,17284,-1256,-31,-543
2568,-168,17216,-1552,-258,-579
2668,-176,17100,-895,-47,157
2744,-44,17836,-1662,27,-105
2376,-256,17288,-2198,-159,-503
2456,-204,16832,-1766,-188,-511
2728,-304,17292,-1474,-239,-157
2752,-572,16776,-1664,-196,65
2076,-436,16780,-1394,-289,-185
3232,-392,17104,-1467,-36,168
2900,-44,17112,-1224,125,610
2456,-484,17416,-749,586,322
3384,420,17260,-665,323,-312
2608,-92,17408,-1731,-198,-856
2576,-772,16480,-2304,71,-393
2464,-636,16336,-1357,226,-544
2508,-368,16800,-962,747,-763
2692,-56,17804,-866,-5,-867
2852,-160,17756,-1466,-337,-255
2896,-388,16400,-1962,182,-397
2764,-508,16620,-1424,-172,-415
# recorded 12 gesture(s)
# ready...
# GO
-,-,-,-,-,-
2676,-1752,15280,-3416,-146,457
2548,-1644,14484,-1181,572,-218
3556,-2004,15768,872,-128,823
2464,-1424,15652,-487,63,710
2864,-1836,13148,108,-791,841
1704,-1320,11668,3424,-1757,788
1148,-1560,8712,7966,-1341,-906
1056,-1268,3068,15702,-2644,-3322
1500,2316,4184,24326,-3561,-4905
2944,7096,14352,29367,-5287,-6462
3472,8768,14644,27460,-564,-7146
1100,9636,8096,30563,5960,-8902
-688,13452,9124,32767,8556,-10929
-1632,15672,10432,32767,13412,-13996
3384,15864,13296,32767,7838,-13145
7656,15732,17528,28682,3730,-5309
4564,14836,14084,18084,3756,2937
-2456,18568,6292,16787,2810,5806
-120,20368,9904,21352,-6313,2721
4376,23836,14932,16414,-2595,2323
5952,23984,15120,9457,-1898,7608
3784,23220,14668,5229,-3850,11472
-644,18688,9032,1079,-5815,9741
992,18128,10744,-1598,-7820,5012
756,18508,8644,-8264,1729,18
2212,18280,9408,-9711,6421,-3403
1624,16820,9956,-9577,6901,-3758
2668,18168,12404,-12555,78,-3775
3632,18856,12604,-19072,925,-3122
4592,20028,16160,-25320,-978,-724
3896,18788,11900,-30030,6772,1117
3520,18568,13836,-28491,141,3129
3908,16868,12592,-28579,-3190,5204
1680,14264,13340,-30483,1200,4885
2652,14680,16852,-32768,-4931,3270
5196,11936,11856,-32768,-284,4519
3280,9276,10032,-29018,-89,5767
1740,5900,12248,-24015,-5198,3999
3104,4204,12128,-23107,-2284,3119
3124,2592,10440,-22621,1469,1718
3908,664,9968,-16644,3610,970
3232,-620,11876,-11558,1780,1853
2276,-976,12664,-10641,2551,464
2632,-2168,12420,-8875,1013,-10
2132,-3344,10248,-6038,2257,-560
2484,-4068,9660,-671,-1121,-697
2680,-2440,14660,2573,38,-134
3888,-2028,17752,-341,-907,689
1976,-2680,14500,-1509,3923,616
1808,-2356,15156,630,1260,-514
3396,-1696,16016,732,-473,-444
3288,-1476,16688,752,-1561,-190
3052,-1100,16876,281,-386,340
3240,-944,17800,21,-331,-107
4792,-396,18812,-1016,-976,861
2644,-820,17640,-1629,352,777
3100,-1460,16500,-341,-151,52
2356,-1280,16864,74,575,-690
3344,-1084,16908,13,728,-1537
3328,-956,17636,80,166,-1435
3536,-772,18300,-479,61,-949
2920,-720,17380,-817,95,-635
3192,-656,17080,-1275,-730,-728
3456,-776,17420,-1379,619,-326
3648,-780,16628,-1484,507,-66
3088,-572,16300,-727,123,-427
3132,-628,16992,-341,276,-667
3588,-616,17416,-1532,-88,-783
3592,-848,16736,-1288,-810,-68
3424,-800,16352,-1003,-1293,395
3060,-368,16960,-763,-982,-38
3284,-500,17332,-717,-70,-446
3636,-712,17240,-955,482,-295
3676,-504,16772,-542,-15,210
3576,-280,17304,-707,-733,307
3180,-276,17200,-1460,410,-214
3332,-436,17556,-1640,-492,-160
3632,-600,16372,-1950,-901,89
2892,-716,16000,-1205,-1081,71
3100,-420,16516,-65,266,-732
3856,-176,17136,-852,545,-1004
3324,-484,16700,-1681,726,-1283
3524,-704,16164,-501,399,-625
3876,-172,17124,-331,-813,-106
3504,76,17264,-801,-751,38
3456,108,17356,-490,-351,-421
3972,120,17752,-818,-172,-713
3884,116,17512,-964,142,10
3544,0,17296,-1272,297,-406
3540,-160,16732,-1449,773,-592
3476,-124,16900,-758,603,-481
3636,4,17228,-1053,173,-635
3444,208,17296,-1051,-162,-626
3700,212,17436,-1353,59,-219
3816,188,17008,-1461,-200,-384
3304,140,17312,-1506,-327,-224
3684,56,16980,-1740,145,-442
3496,12,17144,-1477,57,-491
3568,52,17064,-1608,-57,-261
3536,-76,16900,-1633,-147,-322
3576,-36,16828,-1592,-385,-162
3788,-168,16752,-1693,-8,-387
3344,-12,16800,-1528,314,-444
4044,-60,16988,-1734,246,-442
3440,-24,17036,-1493,-187,-436
3796,-128,16932,-1591,-539,-204
3584,28,16796,-1628,-161,-255
3836,-148,16808,-1657,382,-606
3664,-52,17192,-1481,11,-227
3856,-32,16872,-1698,-537,-303
3700,-168,16876,-1459,-234,-120
3896,-148,16832,-1346,50,-256
3724,-12,16992,-1340,83,-163
3412,-92,16952,-1130,766,-599
3968,4,17144,-1267,163,-443
3568,24,17208,-1634,-60,-80
3632,-112,16944,-1375,260,-220
3656,-52,16724,-1216,496,-307
3540,4,16884,-1461,-9,-442
3876,-152,17156,-1484,-286,-254
3668,-172,17044,-2087,-95,-154
3424,-80,16712,-1939,-8,-468
3744,-268,16708,-1549,98,-478
3348,-72,16796,-1827,1085,-636
3296,-548,15852,-2640,1740,-937
3944,-852,15536,-2492,587,22
3820,32,17248,-439,-1208,1862
3148,-28,18548,-1384,292,1399
# recorded 13 gesture(s)
# ready...
# GO
-,-,-,-,-,-
3504,-192,18400,-2492,566,-357
3940,-932,17120,-4768,-1182,-480
5256,-2204,16536,-3273,44,1048
4132,-1332,17284,-4168,660,1897
3788,-1716,16376,-3769,1439,1240
1884,-352,17404,-1776,4831,-3191
5192,-228,19196,-2524,845,-1527
4660,-1388,17448,-5868,-3330,1175
2324,-1684,11732,-2626,-4161,2314
2696,-1304,11640,3575,-2503,-1173
4436,-732,11612,7730,3317,-1839
2816,-344,10676,11954,5637,-2317
-32,740,8628,17734,6304,-4985
-232,2640,7392,24551,6708,-9394
852,4604,11196,32767,-2257,-10491
3464,6728,8104,32767,-1864,-9359
2324,10416,12204,31942,3426,-6287
1708,11404,6492,31405,6809,-6365
-720,12548,6620,32767,4531,-7326
3476,14936,10236,32767,-6087,-5305
3012,16120,10596,32767,-6798,-1331
2236,18468,6720,24794,1377,-1229
1608,21472,8560,17782,1781,-1283
1796,20768,8552,18847,-3679,-790
1452,21536,7872,17016,-3631,-1348
3924,22068,8704,11962,-1296,-3208
5936,21532,8848,7723,4179,990
4580,23032,7572,6282,-4990,6975
3124,22256,6248,6165,-13096,7835
2240,21900,6324,778,-8369,6242
3236,22512,5072,-3050,-726,4638
2028,21008,5056,-4759,2376,3073
1328,19264,5584,-4988,1479,139
2396,19676,7144,-8310,2011,-2646
3444,20256,9880,-13863,2436,-2908
4980,20800,6752,-19809,7012,-2077
4632,20196,7388,-20076,9562,404
3464,21760,12640,-24195,12438,991
3172,21204,12576,-32768,7000,369
2820,19688,9436,-32768,-675,1540
5048,16760,8536,-32768,-2703,5402
6288,17964,13728,-32768,948,10023
2284,17444,15120,-32768,870,10373
1272,13400,10428,-32768,216,5800
2192,9292,9288,-32768,2067,2403
2972,6512,10212,-24660,1177,2143
2920,4568,8960,-18891,153,831
3524,2208,8960,-13161,971,331
3112,1508,9524,-9697,2764,95
2564,484,10944,-7134,912,-342
2972,640,13492,-8098,3301,176
2060,316,12964,-7469,4228,163
476,-492,12376,-4620,934,-797
2984,-356,13868,-3571,-804,-2076
5828,348,16044,-3914,-2497,1236
1340,-1524,15780,-5573,251,2448
1812,-1348,15720,-6989,-2070,971
2988,-1736,14056,-5648,-3502,412
2104,-1580,13516,-1036,-1435,-118
2116,-1156,14656,826,5600,-3177
3756,-356,18452,1635,3618,-3705
5004,184,19068,-8,1189,-1167
3256,180,18380,-792,-895,717
2852,44,17588,-854,-1945,925
3124,68,17360,-1016,-1297,-335
2704,-464,16464,-742,-545,-1177
2680,-280,16696,-448,626,-1775
4112,104,18028,-396,-50,-1253
3452,-248,17444,-1301,-811,29
3084,-88,16748,-1152,-1011,170
3728,252,17184,-1419,-597,-340
3668,196,16824,-1671,422,-293
3116,-112,16456,-640,800,24
2700,-32,17024,-78,241,-430
3300,548,17708,-738,-462,-288
3532,556,17968,-1579,-16,-11
3288,140,16756,-1309,1103,-304
3268,16,16872,-838,551,-191
3560,44,16716,-605,27,-31
3376,500,17652,-1102,-553,-2
3456,316,17216,-1728,484,-41
3452,152,16548,-1426,888,-170
3076,-8,16032,-188,-34,99
3220,424,17104,457,-1065,-705
2900,748,17872,-307,275,-376
3800,840,18172,-2055,198,-669
3292,496,17080,-3090,-311,-155
3860,136,16768,-2116,-1344,260
3072,372,16104,-1671,-799,334
3328,648,17372,-778,-839,-87
3944,572,17908,-1771,233,-218
3536,572,16916,-1882,526,-184
3248,328,16848,-1461,443,-208
3428,204,16756,-1413,881,-771
3288,496,17152,-960,-177,-354
3672,236,17000,-1179,-201,270
3204,356,16612,-1722,313,-45
3152,256,16964,-1151,115,-281
3556,264,16892,-1016,-52,-162
3208,428,17000,-1243,-418,-181
3540,368,16804,-1091,-455,-124
3480,572,16720,-1084,-1032,-210
3352,500,16944,-1123,-76,-75
2864,364,16560,-1066,816,-829
2912,500,17100,-662,969,-1151
3184,352,17204,-643,738,-1534
4440,540,17572,-1010,-909,-727
4316,1216,18236,-1256,-2057,-44
3952,1456,17888,-1406,-296,-324
3556,1100,17360,-379,962,-1113
3756,860,17032,-472,963,-1408
3520,476,16308,-1388,1182,-1110
2644,260,16200,-2002,1013,-1025
3084,424,16864,-1257,45,-855
4232,784,18172,-1665,-2599,405
3404,760,16976,-3010,-2237,1146
3156,672,16088,-2404,-1311,185
3612,508,16472,-1406,313,-737
3420,972,16492,-1045,1250,-1262
3636,824,16796,-606,1617,-1525
3928,840,16612,-734,1052,-1194
3876,776,16808,-1305,-100,-755
3728,948,16760,-1248,-391,-103
3780,636,16784,-963,-223,-40
3584,464,16556,-1019,156,-452
3456,612,16716,-1064,204,-767
3692,600,17232,-1327,-175,-525
3440,824,16900,-1593,-273,-643
# recorded 14 gesture(s)
# ready...
# GO
-,-,-,-,-,-
5700,-3720,20784,-2151,2069,-1943
4796,-3696,19864,-6591,-872,1456
4268,-3708,17264,-9340,-341,1004
4388,-4764,14028,-6573,-624,272
2812,-4792,15336,-1941,-2458,-1515
4144,-4140,18056,-2738,-468,-3765
6040,-3336,17132,-8679,2951,-3410
4544,-4036,16492,-9985,3523,-2254
3024,-5320,12280,-6975,-56,-2383
4156,-5228,9096,-2471,-1063,-3299
5032,-4480,8012,1329,1061,-1852
4024,-4272,9736,3380,3019,-1448
3380,-3524,9108,6336,-493,-816
1376,-3280,5164,11050,-2756,-1212
792,-1504,2784,19232,-4233,-4559
4884,2352,3796,27511,-9655,-5254
5128,2788,6200,30652,-8216,-3283
-844,5088,10604,25159,3987,-4577
-1468,6992,18164,14691,10308,-12058
5776,11648,800,20035,-3718,-9113
7956,15780,-6344,32767,-5771,-5076
2816,19668,26308,32767,13426,-5132
4812,17992,31596,20815,-805,-3941
640,16344,6164,20945,-4526,-4058
3288,19488,17940,29738,-1519,-7003
9684,22940,26696,20096,-2646,-6918
8520,21432,27524,7009,1810,-836
4180,19268,20028,4456,-946,-3002
9084,20740,24164,1080,-2953,-4998
10208,20376,22880,-5169,1237,-3766
9288,20352,23776,-11828,1945,-938
5676,18108,20344,-18859,5516,-24
5048,18552,19156,-21676,5944,-291
5956,18328,19768,-21947,2420,2279
5004,16532,20564,-25711,731,3273
3836,16444,15996,-30263,1052,5589
672,13056,13844,-29174,1516,5565
388,11452,14284,-28159,1939,2695
1692,10076,14076,-27184,-1061,1342
2264,9188,12956,-23950,-7605,2998
928,6568,9184,-20488,-7585,2527
3300,5456,10632,-19776,2150,983
2980,4980,11924,-19215,1379,1670
2244,3048,8296,-12408,-7852,2449
2932,1156,6016,-8711,-3271,1418
3080,-56,8560,-9499,4387,6
3244,-192,9916,-6039,913,-943
5372,332,10512,819,-6865,233
5832,-48,12172,1164,-1210,1504
5492,-456,18116,-4585,6486,1434
4764,-636,18672,-5537,-1850,2844
5340,-120,12548,1990,-16466,6057
2932,-2248,12564,5226,-7077,5462
1984,-3200,18196,-136,3331,772
2588,-2012,19784,-2923,2505,-2822
7176,148,16580,-3131,-2749,-2296
7200,-236,12752,-1291,-1218,797
5288,-1192,14992,-1642,4659,1206
2952,-1844,18468,-2744,6078,-865
5084,-1120,17848,-4563,1617,-1209
5500,-888,14120,-4163,990,201
3852,-1876,14184,-2346,4510,-472
5164,-1664,17788,-2437,6418,-2176
5576,-296,18652,-3333,-2087,-213
4704,-808,13940,-2576,-5705,2194
3792,-3116,13336,-1241,1238,758
3976,-2408,16484,-167,3789,-1795
5208,-808,18328,53,518,-1030
5120,-1152,17624,-171,-2109,-33
5068,-1108,16880,-410,-1574,390
4284,-1544,16856,-1172,122,186
4036,-1676,17044,-1760,356,-887
5244,-1036,16380,-1340,115,-1148
5332,-848,16568,-901,563,-752
5340,-1240,17444,-1522,1398,-476
4908,-1420,17316,-2470,2189,-323
4848,-1408,16928,-2462,1049,-137
4836,-1288,16032,-889,-820,138
4572,-1624,16928,-632,865,-137
4376,-1556,18156,-2114,1392,-395
4424,-1216,16968,-2599,189,-142
4248,-1672,16120,-1896,-293,-363
4448,-1456,16480,-1378,131,-723
4900,-1212,17340,-1752,94,-730
4700,-1208,16280,-1922,-598,-352
4672,-1240,14196,-1604,-4,104
4156,-2496,14372,593,1321,-255
5060,-1008,16508,2521,679,-323
3680,-976,18864,1119,1122,208
4508,-1004,18884,-1125,337,-723
5536,-376,18156,-3102,38,-326
5416,-708,16476,-2889,-618,290
5172,-1024,15692,-2209,809,460
4524,-1556,16616,-1923,1623,296
4340,-1564,17332,-1881,-253,141
3704,-1880,16460,-1670,-616,-251
3620,-2116,16912,-2543,1880,-1530
3896,-1632,16736,-3073,1923,-2067
4452,-1196,16776,-2420,186,-1865
4212,-1236,16408,-1995,-824,-1273
3500,-1556,15948,-2173,367,-1461
3444,-1512,16480,-2166,1469,-2029
3756,-1220,16600,-1777,968,-2213
4056,-1188,16104,-1368,724,-1816
3680,-1112,16912,-499,779,-1973
4408,-732,18484,-857,659,-1867
4056,-900,16500,-1608,636,-1171
3372,-1428,17036,-438,447,-1194
3208,-1320,17116,-259,-879,-1353
3632,-896,17176,-154,-348,-1699
3572,-796,16576,-2610,5365,-2105
3120,-1500,18844,-4168,6874,-2725
4740,-456,16568,-2353,-843,-1309
3504,-1344,14796,365,-2713,77
2676,-1708,17680,1346,-1549,-1268
4312,-628,18484,-415,-1519,-1474
4200,-840,16844,-1199,-1931,-273
3860,-1328,16320,-753,-602,-339
3576,-1152,17224,-1081,62,-447
3068,-1404,17168,-1477,-573,-763
3748,-968,16632,-1189,-659,-984
3876,-804,17332,-1422,8,-789
3812,-1032,17160,-1582,-115,-704
4028,-964,17232,-1741,195,-814
4284,-660,16720,-1751,265,-525
3864,-908,17460,-1431,441,-277
3876,-1000,17312,-1981,154,-210
3836,-1072,16592,-1885,130,-143
# recorded 15 gesture(s)
# ready...
# GO
-,-,-,-,-,-
5492,-1536,15560,-231,197,-650
5772,-980,15904,-220,2306,-2188
7192,-516,17380,-400,2964,-2086
8184,68,17376,-1219,1747,-88
6400,-596,17456,-700,46,1355
5472,-1140,17328,-753,495,883
6192,-568,17912,-1782,2045,499
7248,-228,18804,-3538,2906,1671
5472,-776,17020,-5094,1574,3627
2348,-2512,16876,-3138,-1449,2571
3808,-2512,16320,-3111,-1829,329
6052,-1532,16832,-4364,663,142
6528,-1416,17576,-5363,844,1527
5180,-1828,18864,-5713,-1544,2662
4580,-2884,18192,-7507,-3617,2775
4232,-4384,12964,-8192,-1544,1657
3720,-3712,11692,-5716,1944,-446
4000,-3296,11264,-2899,2111,-1141
3560,-3136,11680,-889,289,-1023
2484,-4072,9048,897,-2835,-1762
1952,-4420,1104,4532,-3266,-2341
-884,-2912,-316,9201,4303,-3009
-4204,-1336,4444,14799,4193,-7607
2236,2820,1516,22304,-6905,-10559
4800,7448,-3392,31353,-5195,-8541
-2480,10780,8012,32767,9292,-10027
1080,15304,18240,32767,1471,-15447
7828,18380,10404,29515,1400,-11811
5328,18772,18368,27287,8676,-9634
3724,19572,18036,25657,3633,-8453
5704,22448,17844,28401,233,-10013
10532,23264,30716,19917,8522,-7297
11376,22084,24972,8335,3206,-478
3040,17960,18188,9731,1350,3440
1252,17160,24860,10008,-1330,-2801
9876,20776,29484,-380,1410,-3447
9056,20320,25488,-9923,2498,1755
5640,19288,23904,-14541,2412,4145
3244,18008,24380,-17985,1904,3915
5368,18864,25312,-24589,2001,3655
5572,19468,19808,-30578,2700,6060
2052,16844,18400,-31067,2141,6908
1452,14148,17500,-32253,1622,4422
3500,14196,15448,-32768,2335,3771
2224,12164,12884,-32599,1473,5420
1592,9524,12628,-29711,-1252,5348
1964,7244,8084,-26248,-4093,5618
1832,4108,7024,-20941,-654,5363
1032,2520,10856,-19546,756,4578
-16,420,9656,-18141,-2511,3696
1484,-404,7824,-16037,-3562,1933
2272,-1980,5872,-13770,2186,2449
464,-3640,9236,-8014,-2515,1041
1932,-4364,7260,-1218,-7530,207
2972,-4324,10352,1525,961,-993
3240,-5000,16392,-1494,4381,-1371
4184,-3716,13896,-665,-4839,480
1300,-5168,10924,3165,-3209,1746
936,-5748,16888,1499,3704,-2525
4248,-3624,17060,24,-1231,-3994
5876,-2496,14900,2069,-2066,-1827
4784,-2720,18628,789,3591,-1574
5124,-2004,19852,-2275,1899,-881
5000,-2752,16784,-1448,-1647,618
3064,-3756,16428,-1403,230,801
2896,-4028,17348,-1276,-76,-1091
4508,-3364,16904,-1118,-1758,-1478
4684,-2924,15440,-575,-1112,-737
4072,-3432,18100,-2320,2531,-1394
4900,-2848,17304,-3566,239,-852
4680,-3352,14596,-1713,-2947,232
3884,-3644,14188,584,-1891,75
3620,-3640,17804,-444,1472,-1359
5168,-2704,17188,-2655,271,-1421
5060,-2492,15376,-1199,3697,-511
4192,-2868,20728,-1690,3152,-822
5724,-2468,17440,-2382,-2293,663
3972,-3652,14532,-1287,-1261,1675
3192,-4128,16496,-1324,1842,52
4248,-3040,17008,-1327,-776,-75
4224,-3368,15412,-41,-3110,1011
3340,-3720,15324,136,-355,119
4120,-3140,17296,-1124,1849,-860
4764,-2688,16704,-1700,-527,234
4036,-3360,14860,-882,-2495,685
3884,-3556,15404,139,-338,-132
4420,-3048,17388,-1046,941,-538
4668,-2932,16940,-1758,-772,236
4060,-3340,15504,-786,-1524,230
4188,-3108,16540,-867,2703,-608
4700,-2392,19008,-3571,3583,-519
4456,-2604,16052,-3519,-1398,1054
2620,-3860,13992,-523,-1426,657
2752,-3912,16908,122,1429,-1938
5024,-2268,18788,-551,-1873,-2151
6100,-2680,15132,433,-5684,216
4784,-3172,14532,880,-357,393
4332,-3028,18456,-517,2620,-603
4804,-2596,18208,-2367,-785,-330
4976,-3060,14560,-778,-2551,404
4700,-3036,15576,756,383,22
4032,-2640,18624,-1115,2425,-170
3736,-2940,18032,-3606,378,-483
4184,-2936,14768,-2564,-828,-850
4564,-2944,15760,-765,563,-1279
4992,-2384,17756,-955,514,-1081
5236,-2496,17080,-2374,-725,-448
4700,-3024,15616,-1980,-567,-132
4300,-3012,17256,-1466,121,-947
5540,-2296,18324,-2663,52,-906
5940,-2380,16772,-3688,-1079,569
4396,-3268,14460,-2588,-1009,1358
3036,-3712,15552,-1087,244,-262
4676,-2960,16612,-1279,-91,-1172
5680,-2600,15872,-1552,-829,-503
5308,-2840,15328,-1175,112,503
4680,-3200,16004,-1261,1208,496
3928,-3084,17068,-993,222,-18
5020,-3004,16392,-589,-1219,-411
5392,-3064,15872,-985,238,228
4600,-3152,16312,-1387,1094,464
4916,-3112,16068,-952,22,312
5020,-2960,15584,-533,-19,629
4556,-2908,16876,-111,580,304
4524,-2696,17860,-1056,186,167
4948,-2592,16528,-1656,-465,438
3876,-3032,15904,-1243,363,350
3908,-2952,16960,-655,197,-484
# recorded 16 gesture(s)
# ready...
# GO
-,-,-,-,-,-
4068,-4064,18792,-7680,677,-2074
4696,-4676,16500,-9234,1983,-455
4480,-4912,16464,-9933,2649,1024
2108,-6184,15268,-10908,1512,1771
748,-7540,11320,-9768,-245,663
808,-8096,9492,-5119,-310,-1010
1224,-7960,9964,-2238,-201,-2247
1544,-7576,9680,1274,-3182,-2703
2780,-6416,10576,3421,-838,-3401
4224,-5836,11424,2813,467,-2654
3504,-5424,7800,3864,-69,-1125
1128,-4508,6220,9458,-1342,-1727
1440,-3452,6260,16327,-1939,-4931
4836,1032,9848,20029,-4502,-7263
7176,3256,4660,18140,997,-4776
1708,2896,3248,20358,9492,-2241
-3352,4464,5156,31364,-492,-3081
-1392,8864,9472,32767,-3090,-7804
4264,13296,17956,32767,5137,-8616
4004,13340,23412,28377,3977,-5329
2960,15024,16064,29255,-3003,-2815
3756,17228,17572,31243,-6222,-3067
5732,18656,26028,25302,-199,-3968
4332,17700,20668,16902,-1019,-2091
2876,17216,16804,17441,-3789,-3962
4208,19416,21072,17169,-467,-5841
5748,20040,28132,7768,-1967,-4782
9544,21296,23572,1348,-3252,-3986
11264,21564,24508,-2052,-3432,-198
7772,19332,24796,-8599,1091,2230
4732,16696,22020,-15626,2785,3013
4400,15328,16916,-16219,-260,2665
3484,14716,18008,-16351,-431,1695
7012,15956,17544,-21936,1822,2605
5476,15444,17272,-25139,4826,5567
3808,14316,17468,-27276,3375,5604
3188,13288,14448,-26534,-2553,6465
2920,11792,12352,-25231,-358,5408
3332,10232,13532,-25805,3279,5482
3260,8412,14720,-26856,5386,4534
2904,7064,14464,-25679,1716,4949
3376,5524,10816,-24638,1764,4562
2120,3532,8212,-24435,8924,5543
-1252,720,12820,-21988,9406,3668
-772,308,12756,-18380,-3914,865
3556,-1380,4448,-13583,-10418,1865
2352,-4624,1888,-5600,-321,3722
-668,-5212,13740,-1911,3388,120
2888,-3488,14824,-2118,-4720,-688
3956,-3672,11840,-762,-3653,1327
1148,-4796,14864,-1725,1210,660
2016,-5220,15324,-2155,-605,-366
2424,-5252,12836,16,-4084,-967
2996,-4820,12960,1197,722,-1286
2680,-4364,18012,-1027,4068,-1583
3288,-4140,16420,-972,-760,-1573
4288,-3632,16000,292,2047,-1463
3988,-3464,20392,-2859,5603,-1272
4076,-3392,18000,-5115,654,-34
3620,-3808,13848,-2215,-2480,1308
3160,-3812,15188,2139,-2,585
3108,-2592,20004,1413,1851,640
3964,-4588,18492,-1701,-2424,1738
2664,-4068,14724,-2363,-388,1081
2008,-5180,14772,-275,1364,52
2000,-4708,16372,2,2020,-1773
3168,-3296,16732,71,-192,-2258
3756,-3092,16668,483,524,-1556
3444,-3080,18060,142,365,-953
3112,-3312,17804,-1385,-839,-494
3336,-3464,16084,-1087,-2258,-405
3160,-3548,16236,-478,-114,-623
2416,-3780,17260,-1245,466,-1113
3420,-3332,16904,-1169,-1517,-1803
4044,-3104,15916,-525,-817,-962
3464,-3244,17336,-1121,758,-927
3784,-3108,17524,-1970,58,-766
4260,-2740,16056,-1447,-355,-232
4060,-2868,17792,-666,36,618
3636,-3224,18172,-2257,393,700
3296,-3140,16604,-2861,-355,548
2884,-3760,16220,-2755,2114,-91
3152,-3328,16332,-3642,5449,-1001
3164,-3592,17972,-4801,5530,-749
2784,-3472,16060,-3987,-250,397
1868,-4372,13600,-1803,-2169,553
1232,-4788,16104,-578,1175,-1382
3536,-3384,19316,-1364,-623,-2439
4856,-2516,18168,-2985,-2471,-369
3108,-4204,15576,-4173,847,702
1752,-4924,15356,-3014,988,-424
2500,-4140,14888,-260,-2084,-1699
3540,-3928,15372,1025,301,-1370
3420,-3812,17800,-590,1388,-912
2560,-4000,17532,-1638,-1055,-148
2988,-3368,14996,-594,-2151,-539
3708,-3912,15824,616,397,340
2748,-3988,17492,54,1001,227
2444,-3744,17804,-599,-648,-201
3144,-3936,16832,-1803,209,-439
2996,-3680,16672,-1731,386,-597
3096,-3560,16872,-1185,-1349,-325
3268,-3556,15812,-752,-1020,-3
2472,-3908,17020,-1479,1331,-455
2912,-3532,17496,-2534,1103,-1112
3632,-3336,15892,-2166,-1380,-461
3656,-3436,14988,-308,-1098,355
2296,-3928,17736,-320,926,-413
3372,-3288,18316,-2081,-168,-952
4464,-3336,16732,-1888,-2394,31
3572,-3636,15716,-992,-3389,752
2720,-3704,16084,-324,-1353,-272
3648,-3528,16532,-1513,1436,-799
3352,-3288,16624,-2115,1871,-594
3464,-3912,16032,-2800,3354,-278
2996,-3560,16552,-1427,249,-273
3236,-3520,16008,-74,-1476,80
2804,-3564,16828,-102,-993,-4
3028,-3548,18184,-1202,500,-623
3616,-3280,17468,-2664,37,-642
4124,-3344,15660,-2536,-129,-117
3284,-3724,15284,-1179,217,423
2584,-3848,17036,-865,508,-495
3716,-3616,17080,-1587,400,-745
3884,-3172,16536,-1909,351,-125
3256,-3552,16088,-1380,360,387
2692,-4092,16916,-1150,514,-222
3436,-3568,17156,-1622,431,-689
# recorded 17 gesture(s)
# ready...
# GO
-,-,-,-,-,-
3200,-6964,13428,-6432,1247,-509
1488,-7780,13076,-4656,-3340,-165
2244,-7936,10464,-1750,-4293,-1080
3212,-7616,12980,-222,-34,-2125
3908,-7256,13808,-1546,53,-1589
3864,-7060,12156,-445,-1178,-683
3648,-7260,13388,2265,-1303,401
1700,-8144,16328,457,-106,-941
3080,-7076,14052,-842,491,-2696
5708,-6088,11948,-58,-175,-1402
5752,-5380,7164,1132,1124,2178
584,-6312,3492,6008,4149,1974
20,-5248,4136,13858,2842,-1586
2784,-1572,3648,20583,2117,-2873
1344,-164,6328,22566,3115,-1317
-2872,976,5928,26666,1385,-3388
1364,5472,8328,32767,-7364,-5788
5964,9480,10448,32767,-3954,-5479
6484,12312,15288,30294,4762,-1173
1180,12104,16636,28824,-4332,1137
1472,13752,7460,32767,-7711,-156
-2388,14660,15840,28955,8397,-4768
3380,20228,23084,22575,7026,-8372
5984,20016,18296,20877,1981,-4128
2928,18496,17756,19100,6197,-2243
768,17268,20940,14687,2915,-3601
2148,17384,15540,14634,1183,-3677
1392,17536,21384,11342,684,-3718
1328,18196,22680,6272,-291,-5149
3716,19016,20112,2858,-3645,-4736
4740,19060,22268,969,-3332,-2113
3852,18700,23400,-6578,14,-822
2896,18144,21140,-12369,1122,-1077
5404,18140,16488,-11366,-5520,1803
4772,17972,17472,-10872,-5972,4342
3924,16928,19956,-16383,-1707,5728
3100,16196,18824,-22841,829,5641
2468,16088,11420,-22222,-4110,6310
732,12836,8992,-18204,1205,5659
1296,13112,22580,-20060,4641,1798
4084,15520,22108,-28749,-987,1786
4352,14712,12848,-29561,-1639,3280
3316,11768,12872,-26715,1617,4548
356,8368,16940,-25726,3310,3038
2560,7648,15408,-25815,-3655,2065
3960,5412,7844,-21711,-4710,3853
2168,2904,10024,-20977,2172,4860
-1492,-504,5236,-17274,-4695,3568
-572,-2260,1108,-4698,-6007,742
3256,-1560,10700,-1650,-972,-749
3980,-1220,11836,-4633,-2491,498
4348,-1588,8344,1472,-5617,1276
5688,-1628,13404,1597,-484,2712
2192,-3172,14548,-1425,2420,3011
440,-3532,16540,-1816,2705,180
5044,-1516,16584,-2574,-334,-1447
6152,-1700,13472,-2335,869,1219
3728,-2456,16240,-1883,2718,1202
2376,-2488,16732,-1402,146,645
1852,-2752,17872,-321,-721,-1519
4852,-1488,16880,-2706,1491,-1910
5604,-1772,16824,-2562,471,-929
4556,-2040,15596,-562,-1635,164
3368,-2020,16952,318,-1877,-249
4360,-1572,17664,-586,-1250,-1201
5080,-1460,17036,-1727,250,-581
4748,-1740,16704,-1665,634,80
3068,-2248,16440,-1570,16,100
3268,-2256,16932,-1504,1112,-1277
5132,-1036,17260,-2516,1360,-1633
5468,-1552,16400,-1723,-908,493
3084,-2504,15036,-289,-174,375
2880,-2608,17920,-1154,2070,-1737
4352,-1224,17064,-1550,787,-2497
6260,-668,16736,-250,-412,-747
4800,-1328,17984,-1317,-156,711
3832,-2372,16320,-1940,-835,466
4280,-1980,14388,-287,-1715,-183
4612,-1896,16720,-40,1379,-495
4772,-1500,18192,-1657,973,-74
4072,-1556,16720,-1341,-812,460
3660,-1672,16780,-92,-1269,428
3644,-1628,18072,-1206,774,-264
3868,-1376,18584,-2629,515,-583
4716,-928,16196,-2429,-1236,-251
5672,-488,16012,-1723,-385,798
4432,-3096,16256,-2138,353,2024
3548,-1744,15960,-1127,130,1010
3644,-1796,16884,28,-707,122
4772,-1624,17468,-1243,973,-421
4724,-1448,17160,-1893,737,-273
4644,-1564,16440,-1281,-145,267
3140,-2384,17072,-599,-41,-146
4040,-1788,17536,-2156,1466,-1540
4820,-1420,17012,-2620,290,-1178
5060,-1492,15352,-1521,-1066,-65
3564,-2096,16468,-852,960,9
3820,-1868,17756,-1972,1453,-903
4456,-1400,17312,-2793,810,-569
4476,-1524,16376,-2373,-9,-43
4184,-1676,15988,-967,-552,187
3288,-2152,17036,-305,381,61
3396,-2136,17612,-1584,1170,-1052
5056,-1356,16628,-2062,535,-799
4344,-1236,16380,-1404,518,273
3100,-2000,17812,-818,-358,-178
3776,-1828,17048,-1646,-688,-920
3940,-1596,16568,-2585,931,-1120
4112,-1884,16784,-2563,499,-1140
4464,-1480,15816,-1430,-1125,-1093
5152,-964,16084,-613,708,-315
4072,-1488,17360,-521,564,820
3688,-1760,17916,-1169,-486,808
3072,-1796,16940,-2222,-882,547
3428,-2300,16332,-2930,1425,-449
4204,-1756,16804,-2453,979,-707
4636,-1588,16716,-1085,-1094,283
3312,-2388,17068,-1559,-55,515
3460,-2272,16640,-2830,873,-780
4240,-2284,15904,-2322,51,-643
4092,-2132,15764,-909,-581,-359
4152,-2072,16868,-838,799,-744
4612,-1588,17512,-1826,555,-472
4028,-1904,16684,-1993,-543,320
3508,-2204,15636,-1102,-365,-113
3860,-1908,17004,-656,539,-670
4736,-1724,17512,-1067,-78,-174
4208,-1848,16616,-1687,-161,612
# recorded 18 gesture(s)
# ready...
# GO
-,-,-,-,-,-
4752,-768,19028,-2809,-1743,824
4688,-1456,17936,-5632,1781,1197
3852,-1456,18044,-7402,4262,1275
3428,-1680,18500,-6988,2344,2242
1976,-3228,17912,-7352,109,1450
3152,-2992,16364,-7192,-291,447
3492,-3824,16024,-7171,2314,470
2024,-4276,17244,-7093,2736,-731
2680,-4168,14948,-4911,-2517,-1139
3308,-4404,12748,-1903,-3011,-902
3024,-4344,14356,-1988,1223,-1366
3676,-3832,14100,-2373,458,-1268
4188,-3588,10140,934,-2660,56
4104,-2844,7644,5241,-3052,1150
800,-3660,7152,5416,4205,1636
-2212,-3660,2380,7797,3020,-1972
340,-384,768,16570,22,-4748
3424,4108,264,24993,-4375,-4781
6324,8052,7844,28286,3790,-3428
5904,8932,13112,26652,4602,1539
-368,8044,9388,25556,2060,4859
-3620,11696,-3044,32767,86,2272
-3304,16352,21764,32767,14043,-4452
4884,19872,29892,26199,3772,-1228
2864,19148,7780,29524,-9833,2123
416,20708,22604,29074,5309,-1087
2384,20972,30092,15912,1416,-3720
1956,20348,15272,14904,-4654,-3481
2380,20468,23512,13787,-3228,-5360
5948,21524,26300,5473,-3888,-4809
4744,20580,19888,931,-4746,-2427
4908,19840,22784,-4473,-4346,-2336
5128,19248,18180,-9200,-1549,-1021
3668,18764,21412,-13282,218,-261
3700,19008,20996,-19822,87,203
2360,17444,12664,-20491,-1164,925
2776,16500,16784,-17209,-1077,363
5068,16984,20512,-22760,424,1385
3372,16920,18772,-28118,1522,2611
3184,15808,15580,-29583,1006,3412
1836,13664,15068,-28907,-1470,3765
3292,11536,12436,-25399,-6267,5058
2536,9164,9984,-24942,-1888,5613
1040,5964,9808,-22934,5604,4298
452,5484,16536,-21519,-700,1230
3816,5040,8844,-16506,-11851,2983
1944,1744,9272,-13060,-4817,3169
3092,924,10072,-17340,3495,2679
-616,-1720,5256,-13113,-673,2480
996,-2292,4044,-2643,-3504,-330
3868,-2168,14492,-4466,4508,-634
2688,-2896,12380,-9613,3240,1257
1428,-2640,6544,-1864,-6214,1876
1612,-2668,12824,3535,1116,155
1528,-2088,21808,-2734,5690,-1702
3288,-1552,15620,-4101,-1353,-2062
4452,-1252,14060,676,-1620,-1668
4364,-976,19408,-336,1063,-1585
4072,-1092,17864,-1490,-1102,-1111
3772,-1392,14768,209,-2772,-856
3336,-1308,16620,-169,2903,-1748
4396,-888,19808,-1824,1210,-1900
5620,-936,14648,-1072,-2223,204
3492,-1056,14400,-702,1417,1224
1624,-1744,17916,-819,2142,123
2680,-1368,16684,-577,-2342,-732
3856,-1032,16036,345,295,-756
3920,-684,19040,-2357,2851,-678
3244,-1360,17184,-1697,-88,-295
3256,-1064,16072,295,-2922,-600
3812,-944,18688,-534,149,-1221
4752,-584,18124,-2886,906,-828
5256,-376,16068,-1735,-65,644
3328,-1360,16740,-217,203,1383
2436,-1852,19024,-3116,2826,-275
3764,-1284,16484,-3577,1387,-1054
4548,-1088,13980,-847,-615,473
2808,-1544,16820,-113,1050,556
2820,-1380,18324,-1338,927,-482
4228,-916,16368,-1155,-531,-227
3532,-1212,16884,-684,84,358
3668,-1076,18096,-701,-534,307
2740,-1400,16692,-519,-1699,385
2976,-1280,17592,-1146,847,-867
3980,-724,17292,-2693,1973,-470
3056,-864,17108,-1596,140,25
2580,-1040,17296,-985,-2122,-134
3400,-1028,16992,-1879,854,-1018
3736,-956,17248,-2400,865,-726
3632,-1328,15676,-1119,-1727,-156
2752,-1552,15948,-302,-512,-541
3644,-1112,18352,-1330,1631,-1444
5148,-592,17024,-2004,299,-412
3552,-1160,16856,-1095,-512,903
2004,-1636,16584,-1192,-773,-123
3008,-1424,18104,-1831,2304,-2040
4932,-704,17512,-2848,3116,-1497
4528,-952,17724,-2033,123,-86
3800,-1260,15648,-677,-2061,1079
2416,-1996,16620,-1376,1447,551
2816,-1728,16908,-2066,2091,-249
3548,-1532,16952,-475,-3045,1382
1492,-2608,15040,848,-5181,1939
136,-2512,17584,-227,24,-1399
3808,-736,18012,-2101,1571,-2902
5516,-124,17612,-1741,108,-909
4696,-388,16672,-1866,-1266,744
3608,-1104,15336,-1613,-864,1228
2536,-1596,14948,-890,216,431
2544,-1400,16232,-697,1633,-775
3532,-708,17380,-390,1517,-1551
4728,-68,17640,-277,250,-994
3992,-364,17484,-338,91,338
3284,-688,17368,-1169,863,235
3336,-728,17280,-1327,183,182
3528,-584,16272,-597,-762,796
2848,-1152,16952,-378,614,583
3264,-708,17988,-1162,918,-118
4208,-128,16816,-1167,-1189,643
3928,-392,16780,-283,-413,1289
3532,-440,18096,-1179,546,1300
3072,-624,17320,-1863,249,1763
2104,-1060,16624,-1083,-857,1711
2020,-1240,16404,-219,-505,786
3248,-512,17608,-872,941,-626
4388,284,18048,-898,-281,152
3764,-188,17156,-971,-520,1276
2716,-660,17316,-1212,389,915
# recorded 19 gesture(s)
# ready...
# GO
-,-,-,-,-,-
1060,-3668,16700,-7125,-560,-532
1052,-3916,15616,-4543,-384,-3590
4152,-3128,16972,-5920,5056,-5610
7508,-764,22444,-10359,4597,-2881
4880,-2452,18420,-11988,-1086,2105
1632,-5416,11460,-8297,-4494,1992
3004,-6500,10836,-4747,1537,-1064
3892,-5072,13076,-3539,1888,-1792
4452,-4992,13172,-2358,-1816,75
2152,-6260,9556,-1571,5604,1710
688,-6188,13280,-2550,8586,-2271
1984,-4280,7376,1364,-1083,-3281
3344,-3724,2388,10016,-7244,-2333
-316,-2376,1040,12862,-653,-2736
-100,-204,2908,18324,4964,-6710
7196,4916,10372,25624,-4708,-5781
7776,6184,5892,29936,-12568,685
-1864,6244,10796,26204,5616,1187
-9912,5984,18808,24258,1778,-8160
1960,11700,10820,31451,-13973,-14278
9184,16432,7064,32301,5644,-11452
6272,17748,22428,25889,18421,-5213
2292,15580,21472,22129,1586,209
-1568,14168,10700,21514,-767,-1698
-3028,17588,17564,21962,11076,-6842
2788,21044,28736,18892,2813,-9797
8292,22724,25136,12246,-4469,-5048
2036,18932,20136,7523,808,-3166
2572,19632,25580,4156,404,-5197
6028,20384,26552,-1622,-2895,-4461
6956,20144,24424,-7913,-1516,-2238
6508,19396,22256,-13252,-3103,1176
3548,18100,19984,-14538,-4010,3391
84,16484,23088,-19470,-3613,2715
-2904,15652,21072,-27409,951,-790
292,17740,17536,-29352,-456,-4571
5348,16768,16276,-25627,-9399,-860
5296,15432,16296,-21575,-12105,3825
5624,15268,21016,-26371,-6850,7771
2100,14460,17548,-32768,-4347,9705
776,9516,12412,-31318,-10469,10221
1708,5920,7788,-26208,-5338,7544
4524,5832,13808,-27470,906,7102
1580,2312,10120,-25744,-5070,8340
-284,-1392,3848,-18467,-7237,4794
2096,-2760,4320,-13132,-1797,2057
1960,-4176,5376,-9203,194,585
2104,-4312,5212,-3795,-1526,-867
3704,-4172,10320,-1365,-1571,-1707
4864,-3820,10360,-1836,-1205,-1328
4892,-4180,10316,719,1017,-1180
5940,-3764,16304,-63,1470,-1111
6072,-3628,14968,-2587,-528,283
4348,-4652,12104,-577,-770,324
4708,-4652,13052,-354,3192,-497
4276,-4572,16388,752,2509,-847
5376,-4192,17120,974,-1854,-1044
5688,-4584,15424,-512,791,-719
5496,-4228,17316,-995,422,-690
5100,-4256,15452,-78,-2157,-307
5796,-4152,16360,-768,86,-497
5548,-3916,16052,-2625,1739,-146
5236,-3672,14184,-530,-710,-178
5300,-3528,15992,757,550,-860
6392,-2884,18304,-1900,2454,-668
5168,-3708,16084,-2254,-245,-179
5348,-3616,14904,-630,-439,-190
4528,-3964,15776,-947,1130,-1220
5752,-3324,17276,-790,-485,-1624
5676,-3168,15764,-1269,-546,-1031
5280,-3468,15280,-1408,785,-1208
5928,-3360,14880,-354,-362,-1342
6528,-2972,14892,386,239,-592
6252,-3072,17128,172,1556,-331
5388,-3032,16816,-209,-248,115
5168,-3204,16780,-183,-481,-335
5676,-3076,17464,-1655,1241,-544
5468,-3144,15552,-1916,781,-17
4888,-3432,15744,-256,-1264,108
4820,-3344,16396,-935,928,-790
5772,-2848,16848,-1694,404,-1036
6612,-2524,15796,-703,-1888,-17
5320,-3084,15760,-662,-1197,592
4928,-3116,16072,-1216,948,-511
6132,-2616,16716,-965,205,-289
5804,-2732,15692,-658,-1850,920
4144,-3320,14748,-721,740,768
3556,-3680,15912,-1031,3629,-1670
6800,-2308,17688,-675,795,-1984
6892,-2352,16388,10,-1762,-315
5904,-2484,16324,-472,1031,95
5160,-2552,17680,-1919,2260,-138
5364,-2332,16364,-1991,-581,97
4712,-2884,15148,-620,-796,61
5048,-2544,17504,-661,948,-949
6088,-2224,17348,-2754,2452,-943
6048,-2324,16496,-3540,2055,100
5164,-3116,14376,-1774,-340,657
4568,-3476,15172,-17,62,-422
5336,-2992,17404,-758,862,-974
6308,-2208,17164,-1427,177,-97
4568,-2564,16356,-789,-1379,861
4112,-2900,17052,-807,493,-146
4476,-2544,17964,-2036,361,-1141
5868,-2316,15964,-1645,-1805,-717
5380,-2716,15132,-843,-1280,-43
5176,-2648,17132,-1358,1188,-697
5640,-2240,16588,-2290,-266,-124
5288,-3068,15152,-1355,-2265,641
4840,-3544,13676,-640,-302,-119
5724,-2712,16596,109,1895,-841
5792,-2176,18428,-552,-462,-87
5376,-2284,16468,-1321,-1142,325
5124,-2644,15720,-1253,536,6
4696,-2436,17008,-895,717,-30
4448,-2240,16956,-909,-322,-241
4600,-2328,16480,-764,4,-486
4620,-2352,16644,-1340,1686,-875
4888,-2372,17708,-2168,1196,-846
5376,-2396,15980,-2254,-1423,-543
5428,-3184,14724,-1463,-75,-456
5404,-2984,16200,-978,1522,-1050
5740,-2072,17736,-938,426,-471
5576,-2412,17528,-1401,-253,-53
5388,-2488,16608,-2327,528,-100
4896,-2948,15884,-2048,549,-72
5000,-2896,16840,-1149,-249,-938
6720,-2188,16192,-1406,-545,-622
# recorded 20 gesture(s)
# ready...
# GO
-,-,-,-,-,-
840,-8200,9564,4065,-505,-2021
3576,-6008,7188,4817,1536,-2083
2392,-5260,7660,8975,40,-1470
-240,-5188,6920,9178,1889,-1793
-1980,-3640,4260,12818,3395,-4863
3884,596,9576,19530,-840,-7190
9908,4176,9276,22679,-1109,-3185
5368,4396,10984,21544,2574,3837
-6484,2064,10000,23216,2144,684
-284,7312,11636,29174,-7422,-6791
12332,11980,13028,29799,-6564,-3316
824,11808,15052,27677,2460,2433
-6520,9748,20064,24908,1970,-5416
4140,15496,13712,25035,-712,-10693
7364,17492,20576,21941,7786,-9312
6980,18652,26120,18698,3797,-5014
4296,16440,22064,15729,-1637,-2587
2212,15628,22392,14022,2842,-3732
3164,16104,27232,7332,3458,-4602
5832,17648,20860,5828,-3247,-3312
6928,17684,23796,4451,-3281,84
5360,17056,25844,-3004,404,1518
2608,15968,25392,-10616,4262,334
4376,17008,25344,-14532,239,-326
6340,17828,23680,-16541,-6562,2486
5084,17488,23128,-22259,-2602,4593
3424,15808,21340,-29548,4766,5331
1612,14284,19924,-30991,-1158,4655
4436,13036,13540,-28983,-6460,4896
5596,11104,13372,-26284,-1190,6609
4756,10984,22220,-32577,3770,7634
1900,9484,17484,-32768,-1830,8243
2596,6592,5380,-32147,-6713,7701
3432,2380,4196,-24257,2404,7335
1364,264,11196,-21326,2389,6235
584,-1740,6896,-16931,-4293,4155
4144,-2420,3820,-11407,1900,3111
3304,-3336,3552,-7858,5092,6062
-1764,-6868,5804,816,1424,3577
48,-5712,13596,3161,-1035,-834
2544,-4808,13568,-665,1242,-1395
4356,-4548,14512,-896,534,-281
4420,-4672,14488,-333,-1445,1860
740,-6364,15236,-1188,3,2147
84,-6680,15636,-2182,2609,-1110
2356,-5520,18312,-2588,1272,-2251
3864,-5064,16920,-2887,-4134,-1289
4080,-5764,13020,-2196,-583,-134
2400,-5888,15692,-2519,2169,-50
1872,-6136,16292,-671,-3238,-1229
4320,-5416,15968,-928,-1024,-2119
4068,-5692,13944,-2877,1863,-716
3160,-5780,13268,1,-1122,-510
2960,-5676,14040,2141,-1231,-1083
3448,-5156,17868,-302,133,-1492
3740,-4884,15524,-962,604,-1484
4908,-4456,16192,-578,5,-691
3492,-5344,16700,-668,205,173
3276,-5248,17624,-1475,372,-945
3856,-4984,16144,-1639,23,-661
3784,-5384,15564,-987,-1372,-207
3116,-5488,15252,-411,814,-748
3660,-5196,18020,-1256,910,-1317
4544,-4776,16044,-1022,-929,-935
4360,-5224,16392,-924,-559,-89
3692,-5120,16012,-1883,1070,61
2796,-5340,16456,-1838,175,-286
3520,-5128,15804,-1545,-1044,-543
3924,-5228,15844,-1225,426,-584
4536,-4756,16820,-2115,1319,-544
3928,-4964,15464,-1669,-885,319
3648,-5184,15912,-811,-889,300
2700,-5504,17152,-1499,173,-824
4644,-4928,17116,-1553,-1565,-1197
5024,-4496,15088,-1191,-3062,115
4736,-6052,12196,213,339,1597
1748,-5604,18004,1434,2211,81
2852,-5068,18480,-1179,-1607,-1142
4528,-4732,15532,-1442,-2217,-1202
5088,-4536,16132,-1586,881,-715
4620,-4768,16808,-2342,1592,132
3640,-5116,16084,-1604,-1076,279
3320,-5416,16148,-1128,-834,-546
4360,-4800,16504,-1776,-286,-1213
4840,-4724,15960,-1698,454,-321
4492,-4816,16380,-1468,40,289
3624,-4928,15760,-1610,-493,434
3276,-5160,15284,-1197,431,-547
4172,-4692,17100,-1374,847,-1454
5504,-4188,16012,-1716,-376,-368
4396,-4768,15108,-1212,-189,605
3508,-5044,16112,-1136,1256,-184
4136,-4628,16804,-1158,-461,-488
4656,-4612,15464,-1043,-762,329
3944,-5072,15376,-773,957,526
3484,-4996,16636,-1060,1202,-72
3688,-4904,15740,-1134,217,114
3168,-5120,15116,-294,-600,-42
3448,-4868,15824,-34,-486,-1021
5540,-4140,16220,-15,1397,-809
4832,-3804,17400,-753,1662,575
3496,-4748,17152,-998,88,774
3440,-4740,16224,-762,-590,-52
3988,-4600,16744,-670,812,-701
4296,-4024,17544,-1662,167,-223
3672,-4488,15856,-2082,-805,328
3328,-5000,15560,-2255,1045,-85
3228,-5028,16332,-1978,994,-798
4320,-4344,15584,-1293,-757,-724
4060,-4508,14680,-1280,846,35
2980,-4868,15412,-1102,2572,-529
3624,-4296,17276,7,229,-990
4128,-4044,17564,-419,-1302,-471
3924,-4156,16568,-1750,524,-334
3756,-4296,16284,-1818,563,-97
3572,-4440,15888,-1041,-630,-102
3148,-4612,16124,-569,847,-499
3632,-4332,17544,-743,630,-1155
4592,-3964,17164,-1196,-289,-738
4348,-4104,16268,-1371,-369,177
3640,-4468,16372,-1086,660,149
3848,-4260,16988,-1188,228,49
3524,-4352,16820,-1815,-187,43
3724,-4476,15964,-1668,-463,-247
4124,-4348,15840,-1027,-145,-473
4312,-4040,16728,-1156,953,-41
3804,-4128,16888,-1782,484,435
3140,-4624,16884,-1616,-1009,186
# recorded 21 gesture(s)
# ready...
# GO
-,-,-,-,-,-
2924,-7260,10476,-4139,-2955,2156
1736,-7436,13268,-3673,3017,545
132,-7988,11384,-2855,-583,-1306
2368,-6896,7064,3656,-5316,-3028
1788,-6380,7764,6461,-2226,-3494
1792,-5292,8432,7900,1592,-4065
3760,-3780,10816,9293,704,-2762
3848,-3380,8268,9418,-2998,658
-556,-3264,2832,18826,-1381,-49
-156,-1100,11620,22317,1944,-5410
3928,2712,11344,25756,-6255,-6008
8960,6496,6856,28296,-4824,-4319
8100,8944,10928,25956,9592,331
3172,8620,19456,26148,1263,1795
3924,9548,19680,25385,-11429,1419
1252,8592,8596,21207,-3595,-115
-3412,9544,10220,18878,13814,-6095
-228,14068,17484,23707,3975,-12759
8172,17076,16812,23392,-7554,-9362
3092,15756,13552,20679,2841,-6931
2296,17384,22304,15706,12587,-9611
4852,20260,25640,11475,8278,-8235
5588,20400,26636,9959,554,-3971
5648,19840,25972,5714,-3173,-1796
4812,18940,26164,-513,-1655,-1101
4820,18236,23816,-6053,-1711,421
4352,17180,23076,-10323,-1095,1038
4200,17120,22212,-14085,-745,2410
3716,16712,24160,-20171,1176,2739
2452,16376,22092,-26104,2468,3321
2104,15516,18188,-29128,1215,2949
3732,13480,19432,-27550,1951,3276
4108,14800,23372,-31810,-1148,4606
3872,13716,15540,-32768,-2484,7208
332,9400,13116,-32768,-346,7691
-640,5992,11868,-32768,2138,4190
916,4616,13688,-27723,-1647,1418
2368,3200,10568,-24881,-6114,2015
2340,676,6300,-20323,-4632,2488
3148,-944,3252,-16216,2922,2699
1720,-2432,3756,-10884,6545,2792
504,-3768,7320,-3704,1973,1405
1456,-3792,10280,-737,-1231,612
2376,-3568,12756,-1091,-1070,800
3216,-3808,14352,-3522,4060,1079
1644,-4612,15640,-3990,1018,2500
-464,-5908,13592,-2400,-4688,915
2032,-5176,12776,-2029,246,-751
944,-5548,15620,-1463,-148,-716
1204,-5128,14796,609,-3006,-1550
3748,-4756,18156,715,467,-2423
4756,-4344,20208,-2217,-83,-1255
3368,-4856,16084,-3063,-4196,568
2428,-5668,12364,-668,-361,6
2804,-5096,17084,-1429,4175,-167
1548,-5236,17396,-490,-630,-162
2384,-5000,15856,272,-5384,-486
3604,-4864,16616,-1333,916,-1296
3952,-4224,17704,-2807,324,-405
3328,-4756,14840,-1838,-1026,306
3012,-5080,15088,-1264,2160,-121
2524,-5028,17268,-1099,2966,-987
2200,-4812,16772,-798,-588,-1484
2644,-4888,14896,-404,-1286,-1814
3596,-4284,15236,-504,985,-1627
3760,-4128,16352,-1123,795,-547
3284,-4256,16420,-121,-2316,487
2440,-4732,16432,-898,-205,-95
3744,-4296,17260,-2511,1129,-436
3100,-4528,15700,-1900,-1008,737
1884,-5176,15360,-503,-608,-301
2500,-4992,16316,-564,1136,-1918
3812,-4228,17376,-522,-508,-1788
4208,-4128,15844,-470,-2174,-764
3584,-4480,14952,-643,40,-335
3216,-4560,16580,-366,614,-817
3556,-4020,17332,71,-2110,-844
4176,-3852,16020,-44,-2203,-334
4048,-4404,16152,-1218,581,224
2788,-4496,15952,-1979,135,273
2604,-4812,14860,-863,-652,-649
3180,-4544,16144,243,631,-1889
3536,-3696,18388,-365,-81,-1691
3152,-3892,16912,-1870,-746,-1501
4168,-3668,16304,-1807,799,-1833
3768,-3328,16700,-1083,-1045,-1367
3928,-3552,16404,-272,-1168,-1441
4560,-3416,17488,-977,416,-1168
4776,-3568,17756,-2073,494,-86
3964,-3880,16192,-2278,-559,725
3016,-4528,15172,-1798,794,329
3256,-4288,16684,-1781,1643,-495
3544,-4012,16820,-1241,-786,-381
3612,-4204,16284,-1181,-125,-490
4028,-3976,17084,-2289,2278,-508
3388,-3968,17408,-2094,-156,-386
3860,-4072,15704,-1615,-1558,-495
4572,-3800,15924,-1932,1089,-267
3952,-3616,16484,-2134,334,360
3312,-3976,15340,-1517,-1751,248
3788,-4196,14284,-692,501,-283
4688,-3508,17156,-78,1967,-232
4136,-3564,18516,-1150,466,941
2776,-4272,16464,-1680,-957,902
2692,-4520,15400,-1468,759,-250
3396,-4020,16984,-601,687,-693
3504,-4036,16984,-729,-1301,-495
3580,-4120,15980,-819,327,-724
4144,-3764,17316,-1097,847,-635
4044,-3596,16732,-1122,-548,60
3488,-4012,16636,-1113,342,123
3636,-3888,17048,-1679,1104,-139
3452,-4036,16884,-1499,236,234
2976,-4136,17304,-1174,-902,15
2928,-4284,16480,-2109,393,-461
3628,-3996,16796,-2234,1253,-668
3508,-3968,16784,-1806,-530,-262
3292,-4160,15796,-1490,-327,-376
3704,-3760,16600,-2115,1074,-675
3940,-3864,16324,-2193,-177,-122
3668,-4188,15120,-1381,-1020,245
2612,-4432,15628,-1017,1634,33
2480,-4392,17612,-1263,1631,-879
3156,-3952,17256,-1187,-536,-1162
3976,-3680,16576,-1306,-264,-837
3876,-3976,17120,-2201,1518,-615
3584,-3684,16060,-1830,191,-293
3024,-3836,16736,-978,-105,-155
# recorded 22 gesture(s)
# ready...
# GO
